0 0
2 1
5 2
6 3
7 4
11 5
13 6
16 7
17 8
18 9
19 10
21 11
26 12
27 13
30 14
31 15
34 16
35 17
36 18
37 19
40 20
42 21
45 22
47 23
49 24
51 25
61 26
66 27
69 28
75 29
78 30
83 31
86 32
102 33
105 34
110 35
115 36
124 37
144 38
146 39
147 40
151 41
154 42
156 43
159 44
161 45
163 46
167 47
170 48
174 49
180 50
182 51
183 52
189 53
190 54
191 55
205 56
207 57
209 58
212 59
222 60
223 61
225 62
227 63
229 64
230 65
232 66
233 67
234 68
235 69
236 70
238 71
241 72
248 73
250 74
252 75
259 76
260 77
262 78
264 79
267 80
268 81
271 82
279 83
280 84
281 85
288 86
291 87
295 88
297 89
299 90
300 91
301 92
307 93
317 94
319 95
320 96
321 97
324 98
351 99
353 100
362 101
364 102
375 103
379 104
383 105
386 106
387 107
389 108
394 109
407 110
408 111
419 112
427 113
429 114
436 115
437 116
447 117
463 118
467 119
477 120
481 121
502 122
543 123
554 124
555 125
558 126
560 127
563 128
564 129
566 130
567 131
568 132
569 133
570 134
572 135
573 136
577 137
584 138
589 139
590 140
597 141
598 142
621 143
623 144
625 145
626 146
628 147
632 148
634 149
636 150
637 151
638 152
639 153
640 154
641 155
651 156
653 157
655 158
656 159
657 160
658 161
659 162
662 163
663 164
666 165
675 166
676 167
678 168
679 169
680 170
683 171
685 172
686 173
687 174
689 175
691 176
695 177
707 178
710 179
714 180
719 181
748 182
758 183
761 184
770 185
775 186
782 187
785 188
818 189
824 190
833 191
836 192
852 193
853 194
881 195
883 196
886 197
892 198
915 199
918 200
946 201
950 202
959 203
961 204
963 205
969 206
970 207
971 208
973 209
976 210
977 211
981 212
991 213
993 214
995 215
996 216
999 217
1005 218
1008 219
1013 220
1029 221
1032 222
1069 223
1071 224
1072 225
1073 226
1074 227
1075 228
1076 229
1077 230
1081 231
1082 232
1083 233
1087 234
1094 235
1100 236
1104 237
1106 238
1119 239
1122 240
1138 241
1139 242
1143 243
1148 244
1154 245
1164 246
1167 247
1168 248
1177 249
1179 250
1187 251
1194 252
1199 253
1207 254
1212 255
1240 256
1242 257
1247 258
1258 259
1302 260
1304 261
1307 262
1315 263
1316 264
1318 265
1321 266
1326 267
1329 268
1333 269
1336 270
1341 271
1350 272
1356 273
1386 274
1390 275
1397 276
1430 277
1431 278
1442 279
1446 280
1448 281
1451 282
1460 283
1502 284
1510 285
1511 286
1513 287
1519 288
1521 289
1523 290
1525 291
1529 292
1530 293
1533 294
1538 295
1542 296
1546 297
1552 298
1569 299
1570 300
1571 301
1573 302
1578 303
1582 304
1641 305
1651 306
1656 307
1659 308
1662 309
1669 310
1695 311
1697 312
1703 313
1712 314
1714 315
1717 316
1721 317
1725 318
1769 319
1772 320
1776 321
1777 322
1778 323
1787 324
1789 325
1798 326
1810 327
1814 328
1820 329
1860 330
1863 331
1866 332
1867 333
1868 334
1870 335
1872 336
1873 337
1875 338
1876 339
1877 340
1878 341
1879 342
1880 343
1881 344
1882 345
1885 346
1888 347
1889 348
1890 349
1892 350
1894 351
1899 352
1900 353
1904 354
1906 355
1907 356
1913 357
1916 358
1922 359
1923 360
1928 361
1932 362
1935 363
1940 364
1941 365
1945 366
1946 367
1950 368
1952 369
1955 370
1958 371
1961 372
1962 373
1968 374
1971 375
1973 376
1974 377
1979 378
1981 379
1984 380
1992 381
1993 382
1996 383
1998 384
1999 385
2001 386
2002 387
2003 388
2005 389
2009 390
2012 391
2016 392
2017 393
2018 394
2020 395
2024 396
2025 397
2026 398
2029 399
2032 400
2035 401
2036 402
2038 403
2040 404
2044 405
2046 406
2049 407
2050 408
2053 409
2059 410
2061 411
2063 412
2066 413
2068 414
2073 415
2089 416
2090 417
2096 418
2097 419
2106 420
2108 421
2111 422
2115 423
2121 424
2131 425
2132 426
2140 427
2146 428
2149 429
2156 430
2163 431
2164 432
2166 433
2167 434
2168 435
2175 436
2176 437
2178 438
2184 439
2193 440
2194 441
2201 442
2209 443
2218 444
2222 445
2235 446
2240 447
2244 448
2251 449
2262 450
2265 451
2266 452
2278 453
2282 454
2283 455
2284 456
2288 457
2289 458
2292 459
2298 460
2304 461
2306 462
2308 463
2314 464
2315 465
2317 466
2321 467
2331 468
2334 469
2343 470
2344 471
2358 472
2367 473
2371 474
2376 475
2378 476
2382 477
2387 478
2397 479
2410 480
2418 481
2421 482
2424 483
2431 484
2436 485
2443 486
2453 487
2463 488
2464 489
2484 490
2494 491
2496 492
2505 493
2506 494
2510 495
2511 496
2524 497
2542 498
2544 499
2549 500
2570 501
2573 502
2576 503
2597 504
2602 505
2608 506
2626 507
2639 508
2645 509
2660 510
2664 511
2674 512
2675 513
2724 514
2774 515
2806 516
2807 517
2808 518
2811 519
2812 520
2813 521
2814 522
2815 523
2816 524
2818 525
2819 526
2821 527
2822 528
2823 529
2825 530
2829 531
2830 532
2832 533
2834 534
2836 535
2842 536
2843 537
2844 538
2848 539
2849 540
2850 541
2853 542
2858 543
2859 544
2862 545
2868 546
2869 547
2871 548
2874 549
2875 550
2877 551
2880 552
2881 553
2887 554
2889 555
2890 556
2891 557
2892 558
2893 559
2894 560
2896 561
2897 562
2899 563
2900 564
2902 565
2904 566
2907 567
2908 568
2910 569
2912 570
2913 571
2914 572
2915 573
2917 574
2919 575
2920 576
2921 577
2924 578
2925 579
2929 580
2932 581
2938 582
2940 583
2944 584
2945 585
2947 586
2948 587
2950 588
2952 589
2953 590
2954 591
2957 592
2960 593
2966 594
2970 595
2972 596
2975 597
2981 598
2984 599
2987 600
2994 601
2996 602
2998 603
3000 604
3002 605
3003 606
3006 607
3009 608
3014 609
3016 610
3020 611
3024 612
3036 613
3037 614
3040 615
3045 616
3048 617
3050 618
3051 619
3057 620
3060 621
3063 622
3066 623
3071 624
3074 625
3079 626
3080 627
3081 628
3084 629
3089 630
3101 631
3108 632
3112 633
3113 634
3120 635
3124 636
3125 637
3126 638
3128 639
3131 640
3135 641
3136 642
3138 643
3143 644
3146 645
3151 646
3152 647
3153 648
3157 649
3158 650
3162 651
3166 652
3167 653
3173 654
3178 655
3179 656
3183 657
3185 658
3186 659
3188 660
3189 661
3190 662
3191 663
3192 664
3201 665
3209 666
3210 667
3213 668
3215 669
3216 670
3222 671
3223 672
3226 673
3227 674
3228 675
3231 676
3239 677
3245 678
3247 679
3259 680
3265 681
3266 682
3277 683
3280 684
3295 685
3302 686
3307 687
3314 688
3316 689
3327 690
3330 691
3331 692
3333 693
3339 694
3344 695
3351 696
3352 697
3359 698
3364 699
3372 700
3374 701
3378 702
3381 703
3393 704
3394 705
3399 706
3400 707
3403 708
3404 709
3408 710
3419 711
3420 712
3421 713
3423 714
3424 715
3425 716
3428 717
3429 718
3432 719
3434 720
3435 721
3442 722
3444 723
3445 724
3446 725
3452 726
3457 727
3464 728
3469 729
3473 730
3477 731
3480 732
3485 733
3486 734
3487 735
3492 736
3506 737
3511 738
3517 739
3518 740
3522 741
3524 742
3547 743
3562 744
3575 745
3595 746
3601 747
3620 748
3632 749
3636 750
3639 751
3640 752
3645 753
3650 754
3653 755
3656 756
3659 757
3661 758
3662 759
3664 760
3665 761
3667 762
3669 763
3671 764
3673 765
3675 766
3679 767
3688 768
3693 769
3695 770
3696 771
3708 772
3709 773
3715 774
3719 775
3722 776
3730 777
3742 778
3749 779
3751 780
3752 781
3757 782
3759 783
3764 784
3766 785
3768 786
3774 787
3776 788
3777 789
3778 790
3779 791
3781 792
3785 793
3796 794
3805 795
3806 796
3811 797
3818 798
3820 799
3821 800
3826 801
3831 802
3840 803
3841 804
3845 805
3846 806
3848 807
3855 808
3866 809
3870 810
3882 811
3883 812
3885 813
3889 814
3900 815
3908 816
3914 817
3917 818
3923 819
3926 820
3928 821
3938 822
3945 823
3946 824
3950 825
3953 826
3955 827
3987 828
3992 829
3994 830
4004 831
4007 832
4012 833
4014 834
4023 835
4027 836
4030 837
4033 838
4041 839
4044 840
4069 841
4070 842
4087 843
4091 844
4102 845
4139 846
4142 847
4157 848
4163 849
4193 850
4195 851
4268 852
4274 853
4282 854
4295 855
4306 856
4312 857
4314 858
4329 859
4384 860
4386 861
4398 862
4421 863
4436 864
4532 865
4533 866
4544 867
4545 868
4546 869
4548 870
4578 871
4612 872
4614 873
4622 874
4628 875
4640 876
4642 877
4653 878
4662 879
4667 880
4669 881
4670 882
4671 883
4675 884
4681 885
4683 886
4704 887
4780 888
4786 889
4795 890
4840 891
4844 892
4848 893
4850 894
4873 895
4902 896
4910 897
4911 898
4923 899
4943 900
4944 901
4945 902
4949 903
4959 904
4985 905
4988 906
5006 907
5009 908
5012 909
5013 910
5014 911
5025 912
5027 913
5046 914
5132 915
5136 916
5151 917
5161 918
5180 919
5214 920
5220 921
5257 922
5258 923
5270 924
5285 925
5286 926
5291 927
5296 928
5308 929
5318 930
5378 931
5383 932
5404 933
5407 934
5408 935
5416 936
5419 937
5428 938
5433 939
5436 940
5438 941
5439 942
5441 943
5468 944
5488 945
5529 946
5575 947
5579 948
5588 949
5594 950
5601 951
5603 952
5607 953
5609 954
5630 955
5635 956
5646 957
5648 958
5649 959
5650 960
5656 961
5657 962
5659 963
5660 964
5663 965
5672 966
5678 967
5680 968
5681 969
5682 970
5684 971
5688 972
5689 973
5692 974
5694 975
5701 976
5706 977
5707 978
5711 979
5724 980
5727 981
5730 982
5731 983
5737 984
5745 985
5746 986
5756 987
5758 988
5761 989
5767 990
5775 991
5776 992
5781 993
5784 994
5787 995
5797 996
5798 997
5801 998
5811 999
5823 1000
5836 1001
5843 1002
5858 1003
5881 1004
5887 1005
5896 1006
5911 1007
5920 1008
5941 1009
5955 1010
5957 1011
6046 1012
6050 1013
6061 1014
6100 1015
6108 1016
6109 1017
6113 1018
6119 1019
6120 1020
6122 1021
6123 1022
6169 1023
6171 1024
6172 1025
6173 1026
6174 1027
6177 1028
6191 1029
6196 1030
6202 1031
6207 1032
6208 1033
6211 1034
6216 1035
6217 1036
6225 1037
6228 1038
6237 1039
6245 1040
6253 1041
6256 1042
6258 1043
6261 1044
6270 1045
6275 1046
6276 1047
6282 1048
6283 1049
6285 1050
6286 1051
6291 1052
6293 1053
6306 1054
6309 1055
6318 1056
6322 1057
6325 1058
6331 1059
6335 1060
6336 1061
6345 1062
6346 1063
6350 1064
6362 1065
6365 1066
6386 1067
6407 1068
6418 1069
6423 1070
6425 1071
6436 1072
6473 1073
6509 1074
6535 1075
6583 1076
6586 1077
6590 1078
6594 1079
6596 1080
6597 1081
6599 1082
6604 1083
6605 1084
6606 1085
6609 1086
6614 1087
6615 1088
6625 1089
6628 1090
6630 1091
6632 1092
6633 1093
6636 1094
6638 1095
6640 1096
6642 1097
6650 1098
6652 1099
6664 1100
6669 1101
6670 1102
6673 1103
6683 1104
6711 1105
6713 1106
6714 1107
6718 1108
6740 1109
6741 1110
6742 1111
6743 1112
6746 1113
6748 1114
6750 1115
6756 1116
6765 1117
6770 1118
6776 1119
6780 1120
6782 1121
6793 1122
6801 1123
6804 1124
6825 1125
6827 1126
6828 1127
6832 1128
6833 1129
6834 1130
6835 1131
6836 1132
6837 1133
6838 1134
6841 1135
6842 1136
6844 1137
6845 1138
6846 1139
6849 1140
6854 1141
6859 1142
6861 1143
6862 1144
6863 1145
6864 1146
6870 1147
6871 1148
6872 1149
6873 1150
6874 1151
6875 1152
6879 1153
6880 1154
6882 1155
6885 1156
6886 1157
6889 1158
6893 1159
6894 1160
6895 1161
6897 1162
6898 1163
6899 1164
6902 1165
6903 1166
6904 1167
6906 1168
6907 1169
6908 1170
6910 1171
6913 1172
6914 1173
6915 1174
6916 1175
6917 1176
6923 1177
6928 1178
6929 1179
6933 1180
6934 1181
6938 1182
6939 1183
6943 1184
6947 1185
6950 1186
6964 1187
6967 1188
6969 1189
6977 1190
6981 1191
6982 1192
6983 1193
6985 1194
6988 1195
6991 1196
6997 1197
7010 1198
7011 1199
7012 1200
7015 1201
7016 1202
7025 1203
7032 1204
7033 1205
7038 1206
7039 1207
7042 1208
7045 1209
7046 1210
7047 1211
7052 1212
7063 1213
7065 1214
7070 1215
7071 1216
7103 1217
7104 1218
7105 1219
7106 1220
7108 1221
7114 1222
7120 1223
7122 1224
7123 1225
7126 1226
7127 1227
7136 1228
7147 1229
7148 1230
7150 1231
7151 1232
7152 1233
7153 1234
7155 1235
7156 1236
7157 1237
7159 1238
7160 1239
7161 1240
7164 1241
7165 1242
7170 1243
7172 1244
7178 1245
7188 1246
7192 1247
7193 1248
7194 1249
7195 1250
7196 1251
7197 1252
7198 1253
7199 1254
7201 1255
7207 1256
7212 1257
7216 1258
7223 1259
7224 1260
7225 1261
7230 1262
7238 1263
7240 1264
7244 1265
7248 1266
7250 1267
7254 1268
7256 1269
7258 1270
7266 1271
7270 1272
7272 1273
7276 1274
7277 1275
7278 1276
7281 1277
7285 1278
7288 1279
7292 1280
7293 1281
7299 1282
7303 1283
7304 1284
7309 1285
7310 1286
7311 1287
7315 1288
7316 1289
7322 1290
7325 1291
7328 1292
7330 1293
7333 1294
7345 1295
7348 1296
7352 1297
7363 1298
7368 1299
7374 1300
7380 1301
7381 1302
7384 1303
7385 1304
7386 1305
7389 1306
7391 1307
7397 1308
7398 1309
7401 1310
7404 1311
7406 1312
7407 1313
7409 1314
7411 1315
7415 1316
7416 1317
7424 1318
7425 1319
7426 1320
7433 1321
7436 1322
7437 1323
7438 1324
7443 1325
7448 1326
7466 1327
7468 1328
7473 1329
7499 1330
7501 1331
7506 1332
7508 1333
7517 1334
7522 1335
7529 1336
7531 1337
7532 1338
7533 1339
7534 1340
7536 1341
7538 1342
7541 1343
7542 1344
7544 1345
7545 1346
7546 1347
7551 1348
7554 1349
7555 1350
7557 1351
7558 1352
7564 1353
7567 1354
7568 1355
7576 1356
7578 1357
7586 1358
7587 1359
7589 1360
7591 1361
7594 1362
7595 1363
7602 1364
7604 1365
7605 1366
7606 1367
7611 1368
7614 1369
7615 1370
7617 1371
7620 1372
7622 1373
7625 1374
7632 1375
7637 1376
7638 1377
7639 1378
7640 1379
7641 1380
7644 1381
7647 1382
7649 1383
7651 1384
7658 1385
7667 1386
7679 1387
7685 1388
7687 1389
7695 1390
7700 1391
7702 1392
7703 1393
7709 1394
7719 1395
7727 1396
7733 1397
7735 1398
7737 1399
7740 1400
7742 1401
7743 1402
7749 1403
7755 1404
7758 1405
7779 1406
7781 1407
7784 1408
7785 1409
7788 1410
7797 1411
7803 1412
7805 1413
7806 1414
7809 1415
7810 1416
7812 1417
7817 1418
7818 1419
7821 1420
7823 1421
7825 1422
7837 1423
7839 1424
7841 1425
7844 1426
7845 1427
7846 1428
7847 1429
7852 1430
7855 1431
7870 1432
7886 1433
7888 1434
7914 1435
7923 1436
7931 1437
7940 1438
7972 1439
7987 1440
8002 1441
8003 1442
8007 1443
8009 1444
8013 1445
8015 1446
8029 1447
8032 1448
8033 1449
8034 1450
8041 1451
8053 1452
8077 1453
8080 1454
8088 1455
8113 1456
8115 1457
8118 1458
8121 1459
8124 1460
8130 1461
8133 1462
8134 1463
8143 1464
8144 1465
8149 1466
8151 1467
8155 1468
8157 1469
8163 1470
8165 1471
8169 1472
8170 1473
8185 1474
8186 1475
8189 1476
8191 1477
8192 1478
8194 1479
8197 1480
8210 1481
8212 1482
8214 1483
8215 1484
8220 1485
8222 1486
8232 1487
8233 1488
8235 1489
8236 1490
8252 1491
8254 1492
8255 1493
8258 1494
8263 1495
8265 1496
8267 1497
8273 1498
8274 1499
8276 1500
8277 1501
8279 1502
8283 1503
8291 1504
8303 1505
8304 1506
8306 1507
8312 1508
8326 1509
8328 1510
8379 1511
8380 1512
8381 1513
8382 1514
8383 1515
8384 1516
8385 1517
8386 1518
8388 1519
8391 1520
8394 1521
8403 1522
8406 1523
8407 1524
8408 1525
8410 1526
8413 1527
8422 1528
8427 1529
8428 1530
8439 1531
8440 1532
8451 1533
8464 1534
8466 1535
8467 1536
8469 1537
8470 1538
8471 1539
8484 1540
8487 1541
8489 1542
8490 1543
8491 1544
8493 1545
8498 1546
8500 1547
8501 1548
8507 1549
8509 1550
8510 1551
8514 1552
8520 1553
8521 1554
8522 1555
8533 1556
8539 1557
8543 1558
8545 1559
8550 1560
8551 1561
8556 1562
8560 1563
8566 1564
8569 1565
8575 1566
8584 1567
8590 1568
8593 1569
8595 1570
8608 1571
8609 1572
8616 1573
8620 1574
8624 1575
8626 1576
8630 1577
8633 1578
8641 1579
8642 1580
8654 1581
8657 1582
8658 1583
8667 1584
8689 1585
8696 1586
8699 1587
8705 1588
8710 1589
8711 1590
8717 1591
8730 1592
8739 1593
8740 1594
8741 1595
8742 1596
8747 1597
8748 1598
8749 1599
8750 1600
8751 1601
8752 1602
8753 1603
8754 1604
8757 1605
8758 1606
8761 1607
8766 1608
8767 1609
8768 1610
8770 1611
8771 1612
8772 1613
8773 1614
8775 1615
8777 1616
8778 1617
8784 1618
8786 1619
8787 1620
8800 1621
8817 1622
8818 1623
8819 1624
8820 1625
8822 1626
8823 1627
8841 1628
8844 1629
8859 1630
8867 1631
8869 1632
8870 1633
8873 1634
8874 1635
8876 1636
8877 1637
8879 1638
8888 1639
8889 1640
8891 1641
8892 1642
8894 1643
8898 1644
8899 1645
8902 1646
8903 1647
8904 1648
8909 1649
8914 1650
8915 1651
8917 1652
8924 1653
8927 1654
8933 1655
8934 1656
8935 1657
8937 1658
8939 1659
8940 1660
8941 1661
8942 1662
8946 1663
8949 1664
8956 1665
8960 1666
8963 1667
8964 1668
8968 1669
8970 1670
8972 1671
8976 1672
8978 1673
8985 1674
8986 1675
8989 1676
8990 1677
8992 1678
9003 1679
9006 1680
9008 1681
9012 1682
9018 1683
9020 1684
9026 1685
9058 1686
9075 1687
9111 1688
9114 1689
9122 1690
9129 1691
9147 1692
9155 1693
9220 1694
9235 1695
9239 1696
9242 1697
9243 1698
9244 1699
9246 1700
9247 1701
9259 1702
9260 1703
9265 1704
9268 1705
9269 1706
9272 1707
9273 1708
9277 1709
9283 1710
9286 1711
9289 1712
9293 1713
9306 1714
9308 1715
9323 1716
9357 1717
9385 1718
9388 1719
9390 1720
9393 1721
9399 1722
9400 1723
9405 1724
9417 1725
9548 1726
9567 1727
9569 1728
9570 1729
9574 1730
9576 1731
9577 1732
9582 1733
9587 1734
9588 1735
9590 1736
9591 1737
9593 1738
9598 1739
9604 1740
9615 1741
9617 1742
9622 1743
9623 1744
9625 1745
9627 1746
9629 1747
9630 1748
9634 1749
9637 1750
9639 1751
9646 1752
9648 1753
9655 1754
9658 1755
9659 1756
9663 1757
9668 1758
9669 1759
9670 1760
9673 1761
9677 1762
9682 1763
9684 1764
9700 1765
9702 1766
9707 1767
9711 1768
9719 1769
9720 1770
9721 1771
9735 1772
9736 1773
9765 1774
9785 1775
9803 1776
9809 1777
9810 1778
9825 1779
9833 1780
9835 1781
9906 1782
9907 1783
9908 1784
9909 1785
9910 1786
9915 1787
9916 1788
9918 1789
9919 1790
9920 1791
9923 1792
9925 1793
9926 1794
9927 1795
9928 1796
9932 1797
9935 1798
9936 1799
9946 1800
9966 1801
9969 1802
9971 1803
9973 1804
9976 1805
9977 1806
9982 1807
9984 1808
9987 1809
9990 1810
9993 1811
10024 1812
10061 1813
10064 1814
10073 1815
10074 1816
10076 1817
10139 1818
10142 1819
10143 1820
10156 1821
10163 1822
10164 1823
10165 1824
10166 1825
10167 1826
10169 1827
10170 1828
10172 1829
10175 1830
10177 1831
10179 1832
10186 1833
10187 1834
10198 1835
10200 1836
10202 1837
10208 1838
10240 1839
10246 1840
10247 1841
10249 1842
10256 1843
10271 1844
10298 1845
10332 1846
10333 1847
10334 1848
10336 1849
10337 1850
10339 1851
10340 1852
10341 1853
10342 1854
10343 1855
10344 1856
10345 1857
10346 1858
10348 1859
10349 1860
10350 1861
10351 1862
10352 1863
10353 1864
10354 1865
10355 1866
10357 1867
10358 1868
10359 1869
10360 1870
10362 1871
10363 1872
10364 1873
10365 1874
10366 1875
10368 1876
10369 1877
10370 1878
10371 1879
10372 1880
10373 1881
10374 1882
10375 1883
10376 1884
10377 1885
10379 1886
10380 1887
10381 1888
10382 1889
10383 1890
10384 1891
10385 1892
10388 1893
10390 1894
10391 1895
10392 1896
10393 1897
10394 1898
10395 1899
10396 1900
10397 1901
10398 1902
10399 1903
10400 1904
10401 1905
10407 1906
10408 1907
10409 1908
10410 1909
10411 1910
10412 1911
10413 1912
10414 1913
10415 1914
10416 1915
10419 1916
10420 1917
10421 1918
10423 1919
10424 1920
10425 1921
10426 1922
10428 1923
10429 1924
10430 1925
10431 1926
10432 1927
10433 1928
10435 1929
10436 1930
10438 1931
10439 1932
10443 1933
10446 1934
10448 1935
10449 1936
10452 1937
10455 1938
10456 1939
10457 1940
10458 1941
10467 1942
10468 1943
10469 1944
10470 1945
10472 1946
10473 1947
10475 1948
10481 1949
10483 1950
10485 1951
10493 1952
10514 1953
10535 1954
10536 1955
10544 1956
10546 1957
10549 1958
10554 1959
10555 1960
10556 1961
10557 1962
10559 1963
10560 1964
10578 1965
10581 1966
10584 1967
10587 1968
10590 1969
10594 1970
10598 1971
10604 1972
10605 1973
10607 1974
10608 1975
10610 1976
10612 1977
10613 1978
10614 1979
10615 1980
10616 1981
10617 1982
10618 1983
10619 1984
10620 1985
10621 1986
10622 1987
10625 1988
10626 1989
10627 1990
10628 1991
10629 1992
10630 1993
10632 1994
10634 1995
10635 1996
10636 1997
10637 1998
10638 1999
10642 2000
10643 2001
10644 2002
10645 2003
10647 2004
10649 2005
10650 2006
10651 2007
10652 2008
10653 2009
10655 2010
10658 2011
10659 2012
10661 2013
10663 2014
10664 2015
10665 2016
10667 2017
10668 2018
10669 2019
10671 2020
10672 2021
10673 2022
10675 2023
10677 2024
10678 2025
10679 2026
10681 2027
10683 2028
10685 2029
10686 2030
10687 2031
10688 2032
10690 2033
10691 2034
10696 2035
10697 2036
10698 2037
10704 2038
10706 2039
10714 2040
10715 2041
10718 2042
10719 2043
10721 2044
10722 2045
10725 2046
10729 2047
10732 2048
10733 2049
10735 2050
10736 2051
10738 2052
10741 2053
10742 2054
10743 2055
10748 2056
10749 2057
10751 2058
10752 2059
10753 2060
10754 2061
10755 2062
10756 2063
10758 2064
10759 2065
10760 2066
10763 2067
10766 2068
10767 2069
10769 2070
10771 2071
10774 2072
10775 2073
10781 2074
10784 2075
10786 2076
10790 2077
10792 2078
10798 2079
10799 2080
10801 2081
10802 2082
10804 2083
10805 2084
10806 2085
10807 2086
10809 2087
10810 2088
10812 2089
10815 2090
10816 2091
10819 2092
10820 2093
10821 2094
10823 2095
10824 2096
10826 2097
10827 2098
10828 2099
10832 2100
10835 2101
10840 2102
10841 2103
10844 2104
10845 2105
10847 2106
10857 2107
10864 2108
10867 2109
10868 2110
10871 2111
10887 2112
10889 2113
10891 2114
10895 2115
10902 2116
10910 2117
10913 2118
10915 2119
10917 2120
10950 2121
10955 2122
10956 2123
10957 2124
10958 2125
10959 2126
10960 2127
10961 2128
10962 2129
10963 2130
10964 2131
10965 2132
10966 2133
10967 2134
10968 2135
10969 2136
10970 2137
10971 2138
10972 2139
10973 2140
10974 2141
10975 2142
10976 2143
10977 2144
10978 2145
10979 2146
10980 2147
10981 2148
10982 2149
10983 2150
10986 2151
10987 2152
10988 2153
10989 2154
10990 2155
10991 2156
10992 2157
10993 2158
10994 2159
10995 2160
10996 2161
10997 2162
10998 2163
11000 2164
11001 2165
11002 2166
11003 2167
11005 2168
11006 2169
11007 2170
11008 2171
11010 2172
11011 2173
11012 2174
11013 2175
11014 2176
11015 2177
11016 2178
11017 2179
11018 2180
11019 2181
11020 2182
11021 2183
11022 2184
11023 2185
11024 2186
11025 2187
11026 2188
11027 2189
11028 2190
11029 2191
11030 2192
11031 2193
11032 2194
11033 2195
11034 2196
11035 2197
11036 2198
11037 2199
11038 2200
11039 2201
11040 2202
11041 2203
11042 2204
11043 2205
11046 2206
11057 2207
11058 2208
11065 2209
11083 2210
11088 2211
11107 2212
11114 2213
11116 2214
11118 2215
11119 2216
11120 2217
11122 2218
11123 2219
11125 2220
11126 2221
11127 2222
11152 2223
11156 2224
11160 2225
11172 2226
11174 2227
11179 2228
11193 2229
11196 2230
11197 2231
11198 2232
11202 2233
11204 2234
11206 2235
11207 2236
11215 2237
11217 2238
11227 2239
11243 2240
11253 2241
11258 2242
11260 2243
11261 2244
11263 2245
11264 2246
11265 2247
11267 2248
11272 2249
11274 2250
11275 2251
11277 2252
11278 2253
11279 2254
11286 2255
11288 2256
11291 2257
11295 2258
11296 2259
11299 2260
11301 2261
11303 2262
11306 2263
11307 2264
11309 2265
11310 2266
11311 2267
11312 2268
11314 2269
11319 2270
11322 2271
11328 2272
11332 2273
11358 2274
11363 2275
11372 2276
11377 2277
11391 2278
11395 2279
11441 2280
11442 2281
11463 2282
11496 2283
11504 2284
11511 2285
11516 2286
11517 2287
11523 2288
11526 2289
11529 2290
11530 2291
11534 2292
11535 2293
11536 2294
11538 2295
11539 2296
11541 2297
11542 2298
11543 2299
11544 2300
11550 2301
11554 2302
11557 2303
11565 2304
11573 2305
11576 2306
11588 2307
11598 2308
11599 2309
11600 2310
11602 2311
11605 2312
11609 2313
11610 2314
11614 2315
11616 2316
11617 2317
11623 2318
11625 2319
11635 2320
11643 2321
11644 2322
11646 2323
11648 2324
11651 2325
11652 2326
11657 2327
11662 2328
11666 2329
11671 2330
11674 2331
11678 2332
11681 2333
11683 2334
11685 2335
11686 2336
11687 2337
11689 2338
11692 2339
11693 2340
11696 2341
11700 2342
11701 2343
11706 2344
11711 2345
11714 2346
11720 2347
11721 2348
11722 2349
11729 2350
11733 2351
11734 2352
11739 2353
11744 2354
11749 2355
11754 2356
11766 2357
11772 2358
11780 2359
11782 2360
11785 2361
11786 2362
11796 2363
11812 2364
11816 2365
11818 2366
11831 2367
11832 2368
11833 2369
11834 2370
11844 2371
11847 2372
11849 2373
11860 2374
11862 2375
11864 2376
11874 2377
11875 2378
11877 2379
11880 2380
11885 2381
11891 2382
11892 2383
11905 2384
11908 2385
11909 2386
11910 2387
11917 2388
11918 2389
11919 2390
11920 2391
11921 2392
11928 2393
11933 2394
11937 2395
11938 2396
11939 2397
11943 2398
11963 2399
11964 2400
11971 2401
11976 2402
11980 2403
11985 2404
11989 2405
11996 2406
12000 2407
12012 2408
12017 2409
12019 2410
12021 2411
12025 2412
12026 2413
12035 2414
12043 2415
12046 2416
12047 2417
12053 2418
12054 2419
12055 2420
12060 2421
12069 2422
12072 2423
12073 2424
12079 2425
12083 2426
12084 2427
12087 2428
12088 2429
12097 2430
12099 2431
12100 2432
12106 2433
12110 2434
12119 2435
12124 2436
12126 2437
12134 2438
12137 2439
12139 2440
12143 2441
12144 2442
12153 2443
12154 2444
12165 2445
12170 2446
12175 2447
12178 2448
12184 2449
12189 2450
12197 2451
12206 2452
12209 2453
12228 2454
12244 2455
12253 2456
12254 2457
12257 2458
12259 2459
12261 2460
12265 2461
12266 2462
12275 2463
12276 2464
12277 2465
12278 2466
12280 2467
12281 2468
12283 2469
12284 2470
12295 2471
12313 2472
12317 2473
12347 2474
12348 2475
12352 2476
12357 2477
12362 2478
12367 2479
12394 2480
12404 2481
12409 2482
12414 2483
12415 2484
12416 2485
12418 2486
12420 2487
12425 2488
12429 2489
12431 2490
12433 2491
12434 2492
12435 2493
12439 2494
12440 2495
12441 2496
12445 2497
12448 2498
12454 2499
12467 2500
12470 2501
12473 2502
12476 2503
12486 2504
12488 2505
12490 2506
12493 2507
12494 2508
12499 2509
12500 2510
12502 2511
12503 2512
12504 2513
12507 2514
12513 2515
12528 2516
12529 2517
12530 2518
12548 2519
12564 2520
12581 2521
12587 2522
12632 2523
12659 2524
12662 2525
12667 2526
12668 2527
12669 2528
12673 2529
12685 2530
12686 2531
12713 2532
12729 2533
12730 2534
12731 2535
12734 2536
12748 2537
12755 2538
12763 2539
12777 2540
12788 2541
12804 2542
12859 2543
12864 2544
12877 2545
12882 2546
12893 2547
12895 2548
12897 2549
12898 2550
12900 2551
12901 2552
12902 2553
12905 2554
12907 2555
12908 2556
12916 2557
12917 2558
12919 2559
12924 2560
12926 2561
12928 2562
12969 2563
12976 2564
12984 2565
12998 2566
12999 2567
13003 2568
13005 2569
13010 2570
13012 2571
13014 2572
13017 2573
13023 2574
13026 2575
13034 2576
13035 2577
13039 2578
13050 2579
13052 2580
13056 2581
13081 2582
13082 2583
13084 2584
13085 2585
13100 2586
13102 2587
13108 2588
13110 2589
13113 2590
13117 2591
13119 2592
13120 2593
13123 2594
13127 2595
13135 2596
13143 2597
13158 2598
13162 2599
13193 2600
13203 2601
13205 2602
13207 2603
13210 2604
13217 2605
13219 2606
13225 2607
13227 2608
13243 2609
13248 2610
13252 2611
13259 2612
13278 2613
13280 2614
13283 2615
13285 2616
13296 2617
13297 2618
13303 2619
13315 2620
13326 2621
13329 2622
13333 2623
13343 2624
13349 2625
13352 2626
13361 2627
13362 2628
13366 2629
13367 2630
13371 2631
13380 2632
13385 2633
13388 2634
13393 2635
13395 2636
13405 2637
13406 2638
13409 2639
13411 2640
13419 2641
13428 2642
13437 2643
13439 2644
13449 2645
13452 2646
13453 2647
13456 2648
13470 2649
13471 2650
13476 2651
13482 2652
13489 2653
13491 2654
13495 2655
13497 2656
13500 2657
13501 2658
13503 2659
13507 2660
13509 2661
13513 2662
13519 2663
13547 2664
13550 2665
13551 2666
13562 2667
13565 2668
13579 2669
13581 2670
13583 2671
13593 2672
13603 2673
13616 2674
13623 2675
13640 2676
13646 2677
13677 2678
13705 2679
13713 2680
13724 2681
13725 2682
13729 2683
13739 2684
13740 2685
13783 2686
13792 2687
13794 2688
13798 2689
13804 2690
13806 2691
13809 2692
13813 2693
13815 2694
13816 2695
13817 2696
13818 2697
13819 2698
13823 2699
13826 2700
13827 2701
13830 2702
13833 2703
13836 2704
13838 2705
13840 2706
13847 2707
13849 2708
13893 2709
13911 2710
13912 2711
13913 2712
13916 2713
13921 2714
13925 2715
13926 2716
13929 2717
13932 2718
13936 2719
13938 2720
13940 2721
13942 2722
13944 2723
13945 2724
13949 2725
13951 2726
13958 2727
13977 2728
13978 2729
13980 2730
13981 2731
13999 2732
14012 2733
14015 2734
14035 2735
14051 2736
14054 2737
14055 2738
14077 2739
14079 2740
14092 2741
14131 2742
14134 2743
14142 2744
14151 2745
14176 2746
14182 2747
14183 2748
14184 2749
14185 2750
14193 2751
14196 2752
14200 2753
14201 2754
14204 2755
14207 2756
14249 2757
14261 2758
14285 2759
14287 2760
14308 2761
14309 2762
14310 2763
14311 2764
14312 2765
14315 2766
14316 2767
14317 2768
14318 2769
14322 2770
14323 2771
14325 2772
14326 2773
14329 2774
14357 2775
14358 2776
14376 2777
14377 2778
14378 2779
14379 2780
14380 2781
14383 2782
14384 2783
14386 2784
14390 2785
14392 2786
14393 2787
14450 2788
14459 2789
14465 2790
14482 2791
14527 2792
14529 2793
14532 2794
14533 2795
14534 2796
14535 2797
14536 2798
14537 2799
14557 2800
14588 2801
14608 2802
14626 2803
14674 2804
14681 2805
14690 2806
14691 2807
14692 2808
14696 2809
14699 2810
14710 2811
14711 2812
14715 2813
14718 2814
14723 2815
14732 2816
14735 2817
14736 2818
14757 2819
14758 2820
14762 2821
14765 2822
14787 2823
14795 2824
14797 2825
14798 2826
14800 2827
14801 2828
14803 2829
14813 2830
14814 2831
14815 2832
14819 2833
14826 2834
14831 2835
14851 2836
14855 2837
14856 2838
14860 2839
14875 2840
14882 2841
14896 2842
14897 2843
14898 2844
14907 2845
14909 2846
14912 2847
14926 2848
14939 2849
14940 2850
14944 2851
14946 2852
14950 2853
14956 2854
14960 2855
14971 2856
14979 2857
14980 2858
14982 2859
14983 2860
14987 2861
14992 2862
14996 2863
15015 2864
15016 2865
15018 2866
15019 2867
15031 2868
15046 2869
15055 2870
15066 2871
15077 2872
15078 2873
15079 2874
15080 2875
15113 2876
15116 2877
15137 2878
15158 2879
15160 2880
15162 2881
15178 2882
15184 2883
15185 2884
15187 2885
15262 2886
15263 2887
15264 2888
15267 2889
15268 2890
15270 2891
15271 2892
15274 2893
15279 2894
15280 2895
15281 2896
15282 2897
15283 2898
15284 2899
15287 2900
15288 2901
15290 2902
15291 2903
15292 2904
15293 2905
15295 2906
15296 2907
15297 2908
15299 2909
15301 2910
15302 2911
15303 2912
15306 2913
15307 2914
15308 2915
15309 2916
15310 2917
15311 2918
15312 2919
15313 2920
15314 2921
15315 2922
15316 2923
15317 2924
15319 2925
15320 2926
15321 2927
15322 2928
15324 2929
15325 2930
15326 2931
15327 2932
15328 2933
15329 2934
15330 2935
15332 2936
15333 2937
15335 2938
15336 2939
15337 2940
15338 2941
15339 2942
15340 2943
15341 2944
15342 2945
15345 2946
15346 2947
15348 2948
15349 2949
15350 2950
15354 2951
15355 2952
15359 2953
15361 2954
15362 2955
15363 2956
15364 2957
15367 2958
15369 2959
15370 2960
15371 2961
15375 2962
15376 2963
15377 2964
15381 2965
15382 2966
15383 2967
15385 2968
15386 2969
15388 2970
15389 2971
15390 2972
15391 2973
15392 2974
15393 2975
15394 2976
15395 2977
15396 2978
15398 2979
15399 2980
15400 2981
15401 2982
15402 2983
15403 2984
15404 2985
15407 2986
15409 2987
15411 2988
15413 2989
15416 2990
15418 2991
15419 2992
15421 2993
15422 2994
15423 2995
15426 2996
15427 2997
15428 2998
15431 2999
15433 3000
15442 3001
15443 3002
15444 3003
15445 3004
15446 3005
15449 3006
15462 3007
15465 3008
15467 3009
15471 3010
15473 3011
15475 3012
15480 3013
15481 3014
15482 3015
15486 3016
15488 3017
15491 3018
15492 3019
15499 3020
15501 3021
15502 3022
15503 3023
15504 3024
15505 3025
15507 3026
15508 3027
15510 3028
15512 3029
15514 3030
15516 3031
15517 3032
15533 3033
15534 3034
15536 3035
15537 3036
15540 3037
15541 3038
15542 3039
15545 3040
15546 3041
15548 3042
15549 3043
15550 3044
15551 3045
15553 3046
15554 3047
15557 3048
15558 3049
15559 3050
15560 3051
15561 3052
15562 3053
15565 3054
15566 3055
15568 3056
15569 3057
15570 3058
15571 3059
15575 3060
15576 3061
15578 3062
15580 3063
15585 3064
15586 3065
15589 3066
15591 3067
15618 3068
15621 3069
15623 3070
15624 3071
15628 3072
15630 3073
15639 3074
15643 3075
15653 3076
15672 3077
15694 3078
15755 3079
15766 3080
15798 3081
15815 3082
15817 3083
15818 3084
15820 3085
15821 3086
15822 3087
15823 3088
15825 3089
15826 3090
15829 3091
15830 3092
15831 3093
15832 3094
15836 3095
15839 3096
15841 3097
15844 3098
15850 3099
15851 3100
15852 3101
15855 3102
15859 3103
15861 3104
15863 3105
15865 3106
15866 3107
15874 3108
15876 3109
15879 3110
15881 3111
15882 3112
15885 3113
15887 3114
15888 3115
15893 3116
15943 3117
15945 3118
15946 3119
15947 3120
15948 3121
15953 3122
15958 3123
15964 3124
15973 3125
16018 3126
16035 3127
16036 3128
16037 3129
16038 3130
16040 3131
16044 3132
16047 3133
16048 3134
16055 3135
16056 3136
16057 3137
16060 3138
16064 3139
16071 3140
16075 3141
16076 3142
16085 3143
16094 3144
16103 3145
16131 3146
16137 3147
16146 3148
16150 3149
16171 3150
16188 3151
16221 3152
16222 3153
16224 3154
16226 3155
16228 3156
16231 3157
16234 3158
16237 3159
16239 3160
16241 3161
16243 3162
16244 3163
16245 3164
16247 3165
16248 3166
16249 3167
16250 3168
16251 3169
16256 3170
16259 3171
16260 3172
16261 3173
16269 3174
16270 3175
16300 3176
16301 3177
16302 3178
16311 3179
16323 3180
16338 3181
16343 3182
16345 3183
16348 3184
16351 3185
16354 3186
16361 3187
16375 3188
16377 3189
16384 3190
16398 3191
16400 3192
16402 3193
16405 3194
16406 3195
16407 3196
16408 3197
16409 3198
16410 3199
16428 3200
16440 3201
16444 3202
16489 3203
16522 3204
16524 3205
16526 3206
16555 3207
16557 3208
16561 3209
16565 3210
16573 3211
16575 3212
16641 3213
16730 3214
16764 3215
16802 3216
16808 3217
16921 3218
17047 3219
17048 3220
17049 3221
17050 3222
17051 3223
17066 3224
17070 3225
17077 3226
17086 3227
17162 3228
17178 3229
17183 3230
17201 3231
17206 3232
17293 3233
17296 3234
17297 3235
17308 3236
17327 3237
17331 3238
17372 3239
17375 3240
17377 3241
17403 3242
17412 3243
17492 3244
17494 3245
17497 3246
17498 3247
17512 3248
17557 3249
17581 3250
17624 3251
17626 3252
17628 3253
17629 3254
17634 3255
17638 3256
17640 3257
17666 3258
17678 3259
17695 3260
17711 3261
17739 3262
17745 3263
17753 3264
17791 3265
17793 3266
17794 3267
17795 3268
17797 3269
17798 3270
17800 3271
17801 3272
17802 3273
17804 3274
17805 3275
17806 3276
17808 3277
17812 3278
17813 3279
17816 3280
17817 3281
17825 3282
17832 3283
17905 3284
17906 3285
17907 3286
17912 3287
17914 3288
17917 3289
17927 3290
17928 3291
17929 3292
17931 3293
17935 3294
17940 3295
17941 3296
17942 3297
17944 3298
17947 3299
17952 3300
17953 3301
17956 3302
17959 3303
17963 3304
17971 3305
17972 3306
17995 3307
18040 3308
18067 3309
18074 3310
18079 3311
18088 3312
18139 3313
18140 3314
18163 3315
18167 3316
18194 3317
18205 3318
18206 3319
18244 3320
18263 3321
18267 3322
18272 3323
18275 3324
18292 3325
18294 3326
18295 3327
18296 3328
18297 3329
18300 3330
18301 3331
18305 3332
18312 3333
18313 3334
18316 3335
18341 3336
18359 3337
18361 3338
18366 3339
18373 3340
18375 3341
18378 3342
18385 3343
18388 3344
18392 3345
18393 3346
18394 3347
18396 3348
18398 3349
18404 3350
18411 3351
18414 3352
18419 3353
18421 3354
18422 3355
18426 3356
18429 3357
18430 3358
18433 3359
18438 3360
18443 3361
18444 3362
18452 3363
18456 3364
18458 3365
18460 3366
18462 3367
18465 3368
18466 3369
18477 3370
18489 3371
18502 3372
18503 3373
18504 3374
18505 3375
18506 3376
18507 3377
18508 3378
18509 3379
18510 3380
18511 3381
18513 3382
18529 3383
18546 3384
18567 3385
18571 3386
18573 3387
18576 3388
18582 3389
18641 3390
18642 3391
18646 3392
18647 3393
18655 3394
18657 3395
18659 3396
18661 3397
18662 3398
18670 3399
18675 3400
18680 3401
18681 3402
18682 3403
18685 3404
18689 3405
18715 3406
18716 3407
18728 3408
18748 3409
18749 3410
18753 3411
18762 3412
18767 3413
18768 3414
18769 3415
18770 3416
18772 3417
18774 3418
18777 3419
18798 3420
18806 3421
18809 3422
18814 3423
18820 3424
18847 3425
18892 3426
18897 3427
18899 3428
18933 3429
18940 3430
18948 3431
18962 3432
19040 3433
19049 3434
19131 3435
19132 3436
19152 3437
19153 3438
19159 3439
19161 3440
19162 3441
19164 3442
19167 3443
19168 3444
19172 3445
19173 3446
19206 3447
19217 3448
19235 3449
19243 3450
19248 3451
19264 3452
19280 3453
19281 3454
19337 3455
19340 3456
19396 3457
19426 3458
19435 3459
19492 3460
19497 3461
19499 3462
19500 3463
19505 3464
19511 3465
19522 3466
19532 3467
19565 3468
19603 3469
19615 3470
19648 3471
19656 3472
19657 3473
19658 3474
19659 3475
19664 3476
19666 3477
19667 3478
19669 3479
19671 3480
19675 3481
19686 3482
19698 3483
19700 3484
19705 3485
19707 3486
19708 3487
19709 3488
19710 3489
19718 3490
19721 3491
19722 3492
19773 3493
19776 3494
19778 3495
19781 3496
19793 3497
19799 3498
19808 3499
19810 3500
19862 3501
19869 3502
19870 3503
19872 3504
19873 3505
19874 3506
19884 3507
20005 3508
20006 3509
20008 3510
20011 3511
20012 3512
20030 3513
20035 3514
20054 3515
20058 3516
20063 3517
20134 3518
20135 3519
20137 3520
20149 3521
20218 3522
20224 3523
20226 3524
20230 3525
20254 3526
20310 3527
20315 3528
20327 3529
20328 3530
20332 3531
20349 3532
20371 3533
20386 3534
20391 3535
20444 3536
20472 3537
20486 3538
20492 3539
20496 3540
20501 3541
20519 3542
20532 3543
20557 3544
20571 3545
20572 3546
20573 3547
20574 3548
20576 3549
20577 3550
20609 3551
20611 3552
20612 3553
20613 3554
20616 3555
20617 3556
20624 3557
20654 3558
20668 3559
20671 3560
20673 3561
20675 3562
20676 3563
20678 3564
20679 3565
20769 3566
20772 3567
20790 3568
20829 3569
20830 3570
20861 3571
20880 3572
20892 3573
20908 3574
20944 3575
20950 3576
20955 3577
20980 3578
20985 3579
20999 3580
21028 3581
21047 3582
21090 3583
21109 3584
21121 3585
21132 3586
21135 3587
21138 3588
21145 3589
21169 3590
21170 3591
21184 3592
21232 3593
21259 3594
21270 3595
21301 3596
21304 3597
21311 3598
21314 3599
21321 3600
21323 3601
21394 3602
21397 3603
21398 3604
21399 3605
21400 3606
21446 3607
21459 3608
21532 3609
21569 3610
21570 3611
21587 3612
21589 3613
21592 3614
21593 3615
21596 3616
21597 3617
21602 3618
21607 3619
21608 3620
21611 3621
21615 3622
21640 3623
21649 3624
21662 3625
21664 3626
21665 3627
21668 3628
21674 3629
21678 3630
21685 3631
21687 3632
21692 3633
21694 3634
21720 3635
21726 3636
21728 3637
21729 3638
21732 3639
21735 3640
21736 3641
21740 3642
21742 3643
21786 3644
21787 3645
21788 3646
21789 3647
21790 3648
21791 3649
21792 3650
21796 3651
21798 3652
21799 3653
21800 3654
21801 3655
21803 3656
21807 3657
21809 3658
21812 3659
21813 3660
21816 3661
21818 3662
21819 3663
21821 3664
21822 3665
21823 3666
21825 3667
21826 3668
21827 3669
21828 3670
21831 3671
21833 3672
21837 3673
21838 3674
21839 3675
21840 3676
21842 3677
21845 3678
21846 3679
21848 3680
21851 3681
21852 3682
21853 3683
21857 3684
21858 3685
21859 3686
21860 3687
21862 3688
21863 3689
21865 3690
21866 3691
21868 3692
21869 3693
21870 3694
21873 3695
21874 3696
21876 3697
21877 3698
21879 3699
21880 3700
21881 3701
21882 3702
21885 3703
21892 3704
21894 3705
21904 3706
21918 3707
21919 3708
21922 3709
21923 3710
21924 3711
21928 3712
21931 3713
21932 3714
21943 3715
21948 3716
21954 3717
21956 3718
21967 3719
21968 3720
21981 3721
21986 3722
21987 3723
21993 3724
21994 3725
21995 3726
22027 3727
22029 3728
22044 3729
22046 3730
22099 3731
22102 3732
22104 3733
22108 3734
22111 3735
22132 3736
22159 3737
22160 3738
22164 3739
22169 3740
22170 3741
22172 3742
22230 3743
22247 3744
22273 3745
22288 3746
22307 3747
22310 3748
22328 3749
22332 3750
22335 3751
22336 3752
22341 3753
22365 3754
22372 3755
22378 3756
22387 3757
22390 3758
22401 3759
22410 3760
22413 3761
22416 3762
22425 3763
22495 3764
22503 3765
22518 3766
22519 3767
22520 3768
22521 3769
22531 3770
22534 3771
22541 3772
22551 3773
22555 3774
22560 3775
22573 3776
22602 3777
22604 3778
22607 3779
22609 3780
22611 3781
22637 3782
22696 3783
22698 3784
22705 3785
22706 3786
22710 3787
22711 3788
22713 3789
22716 3790
22717 3791
22719 3792
22735 3793
22736 3794
22737 3795
22739 3796
22740 3797
22745 3798
22752 3799
22758 3800
22759 3801
22767 3802
22798 3803
22802 3804
22812 3805
22813 3806
22818 3807
22847 3808
22849 3809
22855 3810
22858 3811
22861 3812
22865 3813
22873 3814
22874 3815
22876 3816
22877 3817
22879 3818
22881 3819
22884 3820
22891 3821
22912 3822
22915 3823
22936 3824
22937 3825
22940 3826
22942 3827
22945 3828
22948 3829
22949 3830
22964 3831
22981 3832
22982 3833
22985 3834
22994 3835
23000 3836
23001 3837
23004 3838
23005 3839
23009 3840
23035 3841
23037 3842
23039 3843
23058 3844
23091 3845
23131 3846
23158 3847
23161 3848
23162 3849
23163 3850
23166 3851
23173 3852
23210 3853
23246 3854
23260 3855
23265 3856
23288 3857
23294 3858
23302 3859
23310 3860
23332 3861
23366 3862
23393 3863
23450 3864
23452 3865
23457 3866
23473 3867
23503 3868
23506 3869
23527 3870
23530 3871
23555 3872
23614 3873
23617 3874
23618 3875
23620 3876
23621 3877
23627 3878
23728 3879
23750 3880
23752 3881
23753 3882
23793 3883
23816 3884
23828 3885
23837 3886
23874 3887
23875 3888
23989 3889
23990 3890
23991 3891
23992 3892
23999 3893
24003 3894
24048 3895
24064 3896
24066 3897
24069 3898
24070 3899
24165 3900
24207 3901
24314 3902
24316 3903
24317 3904
24320 3905
24350 3906
24366 3907
24438 3908
24450 3909
24454 3910
24456 3911
24481 3912
24530 3913
24532 3914
24537 3915
24538 3916
24562 3917
24564 3918
24566 3919
24568 3920
24579 3921
24580 3922
24581 3923
24593 3924
24596 3925
24600 3926
24602 3927
24606 3928
24616 3929
24619 3930
24627 3931
24658 3932
24659 3933
24677 3934
24709 3935
24715 3936
24724 3937
24726 3938
24743 3939
24744 3940
24750 3941
24961 3942
24980 3943
25061 3944
25067 3945
25093 3946
25126 3947
25177 3948
25201 3949
25240 3950
25280 3951
25303 3952
25304 3953
25371 3954
25376 3955
25384 3956
25406 3957
25464 3958
25488 3959
25494 3960
25497 3961
25498 3962
25499 3963
25501 3964
25502 3965
25509 3966
25519 3967
25562 3968
25567 3969
25584 3970
25586 3971
25596 3972
25630 3973
25631 3974
25633 3975
25649 3976
25650 3977
25651 3978
25652 3979
25657 3980
25658 3981
25659 3982
25662 3983
25663 3984
25672 3985
25677 3986
25690 3987
25692 3988
25700 3989
25718 3990
25785 3991
25803 3992
25810 3993
25814 3994
25815 3995
25817 3996
25818 3997
25827 3998
25833 3999
25850 4000
25859 4001
25860 4002
25863 4003
25864 4004
25881 4005
25882 4006
25893 4007
25961 4008
25976 4009
25991 4010
25994 4011
25998 4012
25999 4013
26041 4014
26051 4015
26053 4016
26057 4017
26058 4018
26059 4019
26065 4020
26072 4021
26081 4022
26084 4023
26086 4024
26087 4025
26090 4026
26092 4027
26094 4028
26095 4029
26101 4030
26109 4031
26110 4032
26124 4033
26161 4034
26180 4035
26210 4036
26237 4037
26241 4038
26246 4039
26248 4040
26250 4041
26277 4042
26294 4043
26295 4044
26296 4045
26298 4046
26299 4047
26300 4048
26301 4049
26302 4050
26303 4051
26306 4052
26320 4053
26321 4054
26323 4055
26325 4056
26326 4057
26329 4058
26344 4059
26346 4060
26347 4061
26361 4062
26365 4063
26372 4064
26375 4065
26408 4066
26459 4067
26460 4068
26462 4069
26465 4070
26472 4071
26474 4072
26476 4073
26478 4074
26503 4075
26506 4076
26507 4077
26508 4078
26511 4079
26512 4080
26513 4081
26515 4082
26518 4083
26523 4084
26527 4085
26529 4086
26588 4087
26594 4088
26597 4089
26610 4090
26613 4091
26622 4092
26629 4093
26648 4094
26665 4095
26667 4096
26673 4097
26675 4098
26676 4099
26677 4100
26679 4101
26682 4102
26727 4103
26742 4104
26749 4105
26766 4106
26768 4107
26774 4108
26792 4109
26793 4110
26796 4111
26797 4112
26806 4113
26809 4114
26820 4115
26823 4116
26836 4117
26885 4118
26887 4119
26893 4120
26894 4121
26913 4122
26914 4123
26919 4124
26920 4125
26921 4126
26922 4127
26923 4128
26924 4129
26925 4130
26932 4131
26935 4132
26936 4133
26944 4134
26948 4135
26949 4136
26952 4137
26984 4138
27054 4139
27055 4140
27056 4141
27058 4142
27059 4143
27063 4144
27065 4145
27066 4146
27079 4147
27080 4148
27083 4149
27085 4150
27086 4151
27089 4152
27094 4153
27095 4154
27108 4155
27109 4156
27147 4157
27156 4158
27167 4159
27190 4160
27191 4161
27226 4162
27239 4163
27274 4164
27284 4165
27292 4166
27305 4167
27309 4168
27310 4169
27311 4170
27312 4171
27329 4172
27330 4173
27346 4174
27348 4175
27349 4176
27361 4177
27362 4178
27377 4179
27408 4180
27449 4181
27454 4182
27475 4183
27477 4184
27490 4185
27505 4186
27534 4187
27537 4188
27538 4189
27541 4190
27545 4191
27546 4192
27552 4193
27553 4194
27555 4195
27556 4196
27557 4197
27561 4198
27572 4199
27609 4200
27634 4201
27635 4202
27647 4203
27651 4204
27688 4205
27689 4206
27690 4207
27692 4208
27697 4209
27698 4210
27720 4211
27734 4212
27739 4213
27771 4214
27836 4215
27864 4216
27983 4217
28035 4218
28036 4219
28060 4220
28066 4221
28067 4222
28068 4223
28069 4224
28098 4225
28101 4226
28111 4227
28113 4228
28114 4229
28135 4230
28136 4231
28137 4232
28138 4233
28147 4234
28148 4235
28158 4236
28161 4237
28188 4238
28195 4239
28201 4240
28223 4241
28229 4242
28235 4243
28294 4244
28299 4245
28318 4246
28346 4247
28353 4248
28354 4249
28355 4250
28356 4251
28357 4252
28361 4253
28363 4254
28372 4255
28373 4256
28375 4257
28378 4258
28380 4259
28385 4260
28420 4261
28421 4262
28428 4263
28433 4264
28464 4265
28472 4266
28482 4267
28483 4268
28492 4269
28508 4270
28513 4271
28514 4272
28520 4273
28536 4274
28587 4275
28588 4276
28594 4277
28596 4278
28597 4279
28600 4280
28606 4281
28609 4282
28630 4283
28664 4284
28665 4285
28670 4286
28673 4287
28674 4288
28678 4289
28679 4290
28680 4291
28682 4292
28686 4293
28690 4294
28696 4295
28697 4296
28698 4297
28699 4298
28701 4299
28702 4300
28704 4301
28705 4302
28708 4303
28713 4304
28714 4305
28716 4306
28728 4307
28735 4308
28746 4309
28757 4310
28805 4311
28806 4312
28808 4313
28816 4314
28825 4315
28855 4316
28856 4317
28857 4318
28884 4319
28901 4320
28927 4321
29026 4322
29059 4323
29061 4324
29062 4325
29064 4326
29073 4327
29075 4328
29077 4329
29109 4330
29112 4331
29130 4332
29158 4333
29160 4334
29162 4335
29217 4336
29228 4337
29229 4338
29267 4339
29297 4340
29298 4341
29325 4342
29329 4343
29343 4344
29351 4345
29356 4346
29395 4347
29405 4348
29408 4349
29447 4350
29450 4351
29451 4352
29454 4353
29456 4354
29483 4355
29491 4356
29492 4357
29502 4358
29523 4359
29561 4360
29565 4361
29568 4362
29592 4363
29624 4364
29630 4365
29674 4366
29675 4367
29681 4368
29683 4369
29684 4370
29685 4371
29688 4372
29689 4373
29693 4374
29709 4375
29710 4376
29714 4377
29717 4378
29720 4379
29749 4380
29808 4381
29809 4382
29811 4383
29813 4384
29814 4385
29838 4386
29843 4387
29853 4388
29855 4389
29857 4390
29862 4391
29865 4392
29867 4393
29872 4394
29884 4395
29886 4396
29889 4397
29890 4398
29896 4399
29912 4400
29929 4401
29952 4402
29958 4403
29978 4404
30002 4405
30009 4406
30016 4407
30018 4408
30020 4409
30022 4410
30027 4411
30033 4412
30049 4413
30056 4414
30070 4415
30071 4416
30079 4417
30084 4418
30107 4419
30176 4420
30182 4421
30185 4422
30194 4423
30195 4424
30214 4425
30224 4426
30239 4427
30241 4428
30242 4429
30251 4430
30280 4431
30301 4432
30302 4433
30353 4434
30390 4435
30431 4436
30440 4437
30443 4438
30444 4439
30483 4440
30497 4441
30525 4442
30548 4443
30549 4444
30551 4445
30564 4446
30565 4447
30568 4448
30569 4449
30573 4450
30579 4451
30638 4452
30651 4453
30663 4454
30675 4455
30677 4456
30680 4457
30681 4458
30684 4459
30689 4460
30696 4461
30698 4462
30705 4463
30706 4464
30733 4465
30738 4466
30757 4467
30807 4468
30840 4469
30857 4470
30881 4471
30912 4472
30926 4473
30932 4474
30951 4475
30952 4476
30970 4477
30972 4478
30996 4479
31096 4480
31099 4481
31124 4482
31129 4483
31141 4484
31157 4485
31180 4486
31203 4487
31207 4488
31248 4489
31295 4490
31302 4491
31303 4492
31321 4493
31377 4494
31429 4495
31431 4496
31463 4497
31464 4498
31489 4499
31567 4500
31587 4501
31602 4502
31619 4503
31627 4504
31693 4505
31698 4506
31717 4507
31769 4508
31792 4509
31794 4510
31795 4511
31796 4512
31804 4513
31874 4514
31923 4515
31924 4516
31927 4517
31933 4518
32005 4519
32019 4520
32032 4521
32087 4522
32104 4523
32107 4524
32119 4525
32183 4526
32275 4527
32285 4528
32306 4529
32315 4530
32318 4531
32391 4532
32418 4533
32455 4534
32489 4535
32506 4536
32582 4537
32621 4538
32622 4539
32636 4540
32664 4541
32681 4542
32683 4543
32685 4544
32687 4545
32821 4546
32822 4547
32823 4548
32827 4549
32830 4550
32852 4551
32862 4552
32864 4553
32870 4554
32876 4555
32878 4556
32922 4557
32923 4558
32996 4559
32998 4560
33027 4561
33028 4562
33032 4563
33034 4564
33057 4565
33076 4566
33128 4567
33153 4568
33184 4569
33188 4570
33197 4571
33224 4572
33227 4573
33230 4574
33369 4575
33398 4576
33414 4577
33474 4578
33476 4579
33477 4580
33489 4581
33490 4582
33491 4583
33497 4584
33578 4585
33579 4586
33582 4587
33608 4588
33612 4589
33613 4590
33614 4591
33620 4592
33687 4593
33688 4594
33742 4595
33762 4596
33763 4597
33846 4598
33852 4599
33874 4600
33875 4601
33876 4602
33877 4603
33896 4604
33926 4605
33943 4606
33960 4607
33962 4608
33966 4609
33981 4610
33982 4611
33984 4612
33991 4613
33993 4614
33996 4615
34041 4616
34056 4617
34079 4618
34105 4619
34109 4620
34110 4621
34112 4622
34114 4623
34121 4624
34122 4625
34145 4626
34146 4627
34148 4628
34170 4629
34225 4630
34227 4631
34282 4632
34293 4633
34298 4634
34306 4635
34359 4636
34398 4637
34412 4638
34413 4639
34414 4640
34442 4641
34443 4642
34444 4643
34480 4644
34481 4645
34482 4646
34529 4647
34542 4648
34554 4649
34580 4650
34584 4651
34585 4652
34611 4653
34620 4654
34622 4655
34649 4656
34659 4657
34701 4658
34736 4659
34739 4660
34742 4661
34767 4662
34779 4663
34784 4664
34788 4665
34820 4666
34837 4667
34839 4668
34894 4669
34913 4670
34919 4671
34923 4672
34924 4673
34963 4674
35057 4675
35069 4676
35081 4677
35120 4678
35146 4679
35161 4680
35162 4681
35196 4682
35200 4683
35220 4684
35229 4685
35231 4686
35239 4687
35246 4688
35258 4689
35271 4690
35285 4691
35310 4692
35331 4693
35343 4694
35355 4695
35374 4696
35375 4697
35385 4698
35438 4699
35477 4700
35480 4701
35489 4702
35502 4703
35519 4704
35523 4705
35531 4706
35540 4707
35541 4708
35562 4709
35582 4710
35583 4711
35584 4712
35591 4713
35592 4714
35597 4715
35598 4716
35599 4717
35602 4718
35608 4719
35609 4720
35610 4721
35618 4722
35622 4723
35624 4724
35642 4725
35643 4726
35647 4727
35648 4728
35657 4729
35673 4730
35674 4731
35681 4732
35715 4733
35728 4734
35730 4735
35732 4736
35734 4737
35735 4738
35767 4739
35821 4740
35845 4741
35847 4742
35863 4743
35892 4744
35896 4745
35897 4746
35904 4747
35925 4748
35927 4749
35936 4750
35938 4751
35945 4752
35952 4753
35954 4754
35963 4755
35979 4756
35982 4757
35988 4758
36003 4759
36048 4760
36055 4761
36063 4762
36064 4763
36079 4764
36082 4765
36084 4766
36088 4767
36101 4768
36102 4769
36103 4770
36104 4771
36105 4772
36106 4773
36133 4774
36134 4775
36143 4776
36153 4777
36164 4778
36167 4779
36173 4780
36174 4781
36177 4782
36184 4783
36208 4784
36217 4785
36274 4786
36308 4787
36321 4788
36332 4789
36365 4790
36366 4791
36367 4792
36370 4793
36373 4794
36374 4795
36376 4796
36377 4797
36378 4798
36386 4799
36410 4800
36421 4801
36423 4802
36426 4803
36428 4804
36444 4805
36457 4806
36482 4807
36485 4808
36495 4809
36597 4810
36602 4811
36628 4812
36629 4813
36636 4814
36649 4815
36653 4816
36656 4817
36679 4818
36680 4819
36695 4820
36729 4821
36752 4822
36761 4823
36767 4824
36863 4825
36864 4826
36870 4827
36873 4828
36879 4829
36887 4830
36891 4831
37004 4832
37057 4833
37066 4834
37110 4835
37128 4836
37153 4837
37154 4838
37202 4839
37218 4840
37220 4841
37236 4842
37237 4843
37238 4844
37244 4845
37247 4846
37256 4847
37265 4848
37277 4849
37293 4850
37313 4851
37324 4852
37332 4853
37334 4854
37336 4855
37342 4856
37368 4857
37391 4858
37404 4859
37409 4860
37429 4861
37433 4862
37436 4863
37438 4864
37446 4865
37472 4866
37485 4867
37486 4868
37504 4869
37512 4870
37600 4871
37622 4872
37683 4873
37710 4874
37745 4875
37811 4876
37835 4877
37839 4878
37840 4879
37843 4880
37844 4881
37850 4882
37859 4883
37945 4884
37984 4885
37988 4886
37989 4887
37997 4888
38002 4889
38004 4890
38011 4891
38037 4892
38051 4893
38072 4894
38080 4895
38100 4896
38104 4897
38116 4898
38130 4899
38133 4900
38151 4901
38164 4902
38178 4903
38195 4904
38237 4905
38275 4906
38283 4907
38284 4908
38294 4909
38295 4910
38325 4911
38328 4912
38426 4913
38428 4914
38499 4915
38507 4916
38508 4917
38511 4918
38513 4919
38529 4920
38564 4921
38594 4922
38655 4923
38659 4924
38678 4925
38687 4926
38703 4927
38707 4928
38738 4929
38740 4930
38748 4931
38758 4932
38764 4933
38767 4934
38787 4935
38806 4936
38812 4937
38831 4938
38835 4939
38840 4940
38843 4941
38848 4942
38854 4943
38860 4944
38862 4945
38869 4946
38875 4947
38876 4948
38879 4949
38898 4950
38899 4951
38900 4952
38901 4953
38902 4954
38931 4955
38940 4956
38946 4957
38960 4958
38961 4959
38977 4960
38988 4961
38992 4962
39011 4963
39020 4964
39026 4965
39125 4966
39136 4967
39137 4968
39142 4969
39145 4970
39155 4971
39158 4972
39159 4973
39161 4974
39164 4975
39166 4976
39168 4977
39172 4978
39178 4979
39208 4980
39209 4981
39235 4982
39244 4983
39247 4984
39249 4985
39252 4986
39272 4987
39278 4988
39366 4989
39388 4990
39431 4991
39482 4992
39484 4993
39485 4994
39490 4995
39579 4996
39611 4997
39615 4998
39626 4999
39630 5000
39706 5001
39726 5002
39734 5003
39760 5004
39800 5005
39803 5006
39860 5007
39890 5008
39939 5009
39959 5010
39961 5011
39962 5012
39963 5013
39985 5014
39994 5015
40057 5016
40065 5017
40078 5018
40079 5019
40098 5020
40113 5021
40116 5022
40117 5023
40118 5024
40121 5025
40271 5026
40283 5027
40288 5028
40325 5029
40361 5030
40365 5031
40369 5032
40381 5033
40382 5034
40386 5035
40388 5036
40389 5037
40391 5038
40402 5039
40403 5040
40404 5041
40443 5042
40459 5043
40511 5044
40567 5045
40583 5046
40586 5047
40589 5048
40628 5049
40640 5050
40672 5051
40676 5052
40691 5053
40694 5054
40695 5055
40698 5056
40700 5057
40719 5058
40755 5059
40768 5060
40773 5061
40775 5062
40783 5063
40785 5064
40786 5065
40792 5066
40797 5067
40798 5068
40800 5069
40807 5070
40809 5071
40810 5072
40819 5073
40820 5074
40824 5075
40830 5076
40835 5077
40874 5078
40911 5079
40937 5080
40938 5081
40963 5082
40967 5083
40968 5084
40969 5085
40970 5086
40971 5087
40972 5088
41026 5089
41107 5090
41126 5091
41129 5092
41130 5093
41131 5094
41139 5095
41213 5096
41251 5097
41262 5098
41270 5099
41276 5100
41278 5101
41282 5102
41283 5103
41285 5104
41289 5105
41295 5106
41301 5107
41371 5108
41377 5109
41378 5110
41379 5111
41429 5112
41432 5113
41434 5114
41441 5115
41444 5116
41448 5117
41451 5118
41454 5119
41462 5120
41467 5121
41469 5122
41470 5123
41474 5124
41479 5125
41480 5126
41482 5127
41485 5128
41487 5129
41490 5130
41495 5131
41497 5132
41506 5133
41509 5134
41517 5135
41518 5136
41519 5137
41521 5138
41526 5139
41528 5140
41533 5141
41535 5142
41539 5143
41580 5144
41584 5145
41587 5146
41604 5147
41659 5148
41660 5149
41668 5150
41672 5151
41674 5152
41700 5153
41701 5154
41703 5155
41722 5156
41737 5157
41748 5158
41757 5159
41774 5160
41778 5161
41823 5162
41885 5163
41944 5164
41968 5165
42006 5166
42124 5167
42125 5168
42131 5169
42243 5170
42244 5171
42246 5172
42295 5173
42336 5174
42346 5175
42364 5176
42427 5177
42444 5178
42497 5179
42546 5180
42562 5181
42576 5182
42585 5183
42586 5184
42590 5185
42591 5186
42617 5187
42623 5188
42663 5189
42712 5190
42736 5191
42739 5192
42769 5193
42782 5194
42805 5195
42807 5196
42808 5197
42824 5198
42869 5199
42882 5200
42883 5201
42912 5202
42914 5203
42929 5204
42953 5205
42964 5206
43030 5207
43062 5208
43085 5209
43099 5210
43117 5211
43118 5212
43121 5213
43123 5214
43125 5215
43126 5216
43138 5217
43155 5218
43162 5219
43178 5220
43204 5221
43213 5222
43250 5223
43256 5224
43264 5225
43266 5226
43271 5227
43272 5228
43289 5229
43290 5230
43296 5231
43297 5232
43300 5233
43301 5234
43305 5235
43419 5236
43493 5237
43500 5238
43525 5239
43562 5240
43568 5241
43575 5242
43591 5243
43592 5244
43618 5245
43637 5246
43664 5247
43689 5248
43691 5249
43692 5250
43703 5251
43709 5252
43710 5253
43712 5254
43713 5255
43734 5256
43749 5257
43789 5258
43796 5259
43798 5260
43863 5261
43864 5262
43893 5263
43910 5264
43921 5265
43944 5266
43978 5267
44012 5268
44073 5269
44194 5270
44226 5271
44267 5272
44296 5273
44317 5274
44389 5275
44412 5276
44452 5277
44457 5278
44473 5279
44475 5280
44480 5281
44513 5282
44515 5283
44567 5284
44584 5285
44585 5286
44602 5287
44621 5288
44622 5289
44706 5290
44762 5291
44768 5292
44784 5293
44785 5294
44831 5295
44835 5296
44839 5297
44857 5298
44893 5299
44902 5300
44941 5301
44981 5302
44989 5303
45004 5304
45054 5305
45057 5306
45066 5307
45069 5308
45085 5309
45101 5310
45127 5311
45144 5312
45177 5313
45186 5314
45210 5315
45219 5316
45249 5317
45250 5318
45251 5319
45252 5320
45254 5321
45260 5322
45278 5323
45315 5324
45371 5325
45451 5326
45487 5327
45488 5328
45503 5329
45522 5330
45545 5331
45592 5332
45603 5333
45612 5334
45626 5335
45631 5336
45639 5337
45643 5338
45646 5339
45650 5340
45655 5341
45661 5342
45681 5343
45683 5344
45700 5345
45702 5346
45715 5347
45752 5348
45793 5349
45896 5350
45912 5351
45945 5352
45946 5353
45961 5354
45965 5355
45976 5356
46000 5357
46001 5358
46005 5359
46007 5360
46017 5361
46021 5362
46030 5363
46031 5364
46092 5365
46169 5366
46180 5367
46181 5368
46194 5369
46204 5370
46220 5371
46289 5372
46292 5373
46330 5374
46332 5375
46333 5376
46369 5377
46475 5378
46479 5379
46520 5380
46730 5381
46741 5382
46748 5383
46753 5384
46769 5385
46790 5386
46818 5387
46823 5388
46848 5389
46900 5390
46901 5391
46913 5392
46936 5393
46956 5394
46966 5395
46967 5396
46968 5397
46971 5398
47006 5399
47179 5400
47240 5401
47249 5402
47264 5403
47266 5404
47268 5405
47274 5406
47302 5407
47303 5408
47305 5409
47313 5410
47340 5411
47342 5412
47344 5413
47348 5414
47394 5415
47404 5416
47406 5417
47433 5418
47440 5419
47441 5420
47453 5421
47464 5422
47479 5423
47509 5424
47591 5425
47641 5426
47741 5427
47766 5428
47767 5429
47768 5430
47773 5431
47776 5432
47802 5433
47815 5434
47817 5435
47850 5436
47852 5437
47854 5438
47889 5439
47896 5440
47920 5441
48015 5442
48055 5443
48086 5444
48095 5445
48190 5446
48196 5447
48230 5448
48241 5449
48242 5450
48245 5451
48315 5452
48352 5453
48363 5454
48419 5455
48431 5456
48435 5457
48479 5458
48504 5459
48558 5460
48565 5461
48577 5462
48614 5463
48623 5464
48666 5465
48732 5466
48750 5467
48751 5468
48790 5469
48792 5470
48808 5471
48813 5472
48814 5473
48818 5474
48823 5475
48828 5476
48870 5477
48885 5478
48947 5479
48952 5480
48964 5481
49022 5482
49023 5483
49030 5484
49035 5485
49038 5486
49068 5487
49069 5488
49072 5489
49108 5490
49115 5491
49116 5492
49136 5493
49170 5494
49200 5495
49201 5496
49209 5497
49218 5498
49220 5499
49443 5500
49447 5501
49493 5502
49494 5503
49646 5504
49654 5505
49714 5506
49724 5507
49746 5508
49813 5509
49814 5510
49823 5511
49891 5512
49914 5513
50095 5514
50109 5515
50150 5516
50162 5517
50165 5518
50318 5519
50348 5520
50442 5521
50461 5522
50464 5523
50465 5524
50488 5525
50533 5526
50535 5527
50539 5528
50595 5529
50667 5530
50682 5531
50690 5532
50752 5533
50770 5534
50778 5535
50796 5536
50799 5537
50814 5538
50838 5539
50882 5540
50931 5541
50951 5542
50969 5543
51004 5544
51048 5545
51053 5546
51064 5547
51065 5548
51071 5549
51222 5550
51259 5551
51271 5552
51306 5553
51334 5554
51340 5555
51398 5556
51483 5557
51504 5558
51512 5559
51608 5560
51613 5561
51615 5562
51634 5563
51637 5564
51638 5565
51649 5566
51687 5567
51709 5568
51761 5569
51835 5570
51895 5571
51927 5572
51947 5573
51970 5574
51993 5575
52025 5576
52063 5577
52087 5578
52124 5579
52128 5580
52129 5581
52180 5582
52190 5583
52199 5584
52211 5585
52229 5586
52237 5587
52240 5588
52242 5589
52246 5590
52387 5591
52429 5592
52442 5593
52445 5594
52518 5595
52545 5596
52707 5597
52731 5598
52895 5599
52904 5600
53014 5601
53024 5602
53033 5603
53101 5604
53126 5605
53133 5606
53134 5607
53135 5608
53137 5609
53145 5610
53163 5611
53180 5612
53196 5613
53238 5614
53266 5615
53284 5616
53287 5617
53320 5618
53322 5619
53326 5620
53362 5621
53364 5622
53436 5623
53449 5624
53451 5625
53469 5626
53490 5627
53565 5628
53659 5629
53676 5630
53697 5631
53716 5632
53727 5633
53737 5634
53796 5635
53830 5636
53831 5637
53833 5638
53849 5639
53884 5640
53887 5641
53939 5642
53953 5643
53955 5644
53985 5645
54073 5646
54083 5647
54095 5648
54118 5649
54119 5650
54122 5651
54139 5652
54267 5653
54300 5654
54398 5655
54422 5656
54432 5657
54451 5658
54452 5659
54519 5660
54523 5661
54527 5662
54574 5663
54677 5664
54702 5665
54762 5666
54767 5667
54777 5668
54778 5669
54780 5670
54782 5671
54806 5672
54819 5673
54837 5674
54852 5675
54856 5676
54877 5677
54893 5678
54928 5679
54955 5680
54964 5681
54995 5682
55023 5683
55026 5684
55028 5685
55135 5686
55358 5687
55370 5688
55396 5689
55404 5690
55443 5691
55487 5692
55507 5693
55539 5694
55545 5695
55728 5696
55793 5697
55844 5698
55855 5699
56094 5700
56128 5701
56144 5702
56211 5703
56341 5704
56359 5705
56374 5706
56375 5707
56376 5708
56399 5709
56455 5710
56470 5711
56472 5712
56528 5713
56557 5714
56568 5715
56575 5716
56612 5717
56677 5718
56701 5719
56747 5720
56835 5721
56842 5722
56871 5723
56878 5724
56886 5725
56890 5726
56925 5727
56926 5728
56973 5729
56974 5730
56992 5731
56997 5732
57023 5733
57027 5734
57055 5735
57083 5736
57117 5737
57157 5738
57190 5739
57191 5740
57265 5741
57267 5742
57294 5743
57296 5744
57315 5745
57399 5746
57416 5747
57427 5748
57452 5749
57503 5750
57545 5751
57621 5752
57708 5753
57785 5754
57807 5755
57809 5756
57832 5757
57842 5758
57854 5759
57918 5760
57943 5761
57949 5762
57961 5763
58051 5764
58171 5765
