2 1
0 9
75 93
21 88
95 88
94 88
93 88
92 30
91 55
90 88
76 71
78 6
16 88
89 88
47 88
63 30
88 88
14 10
17 88
62 88
9 9
87 88
86 5
85 1
84 71
15 88
83 88
82 6
81 88
80 88
79 88
77 71
74 93
73 37
43 60
72 30
71 71
70 79
69 88
68 42
67 42
66 88
65 88
64 42
8 88
7 88
61 42
26 98
60 88
40 71
59 88
58 33
52 88
57 96
13 67
56 35
55 45
54 35
53 33
51 1
50 6
49 88
37 1
48 88
46 88
45 51
44 96
42 82
41 88
39 28
11 88
12 25
10 83
38 88
6 88
36 88
108 29
99 35
107 1
105 88
98 88
96 44
106 88
104 88
27 88
103 71
22 88
120 88
119 12
118 2
117 36
116 88
115 88
114 71
113 45
144 42
143 88
142 71
141 5
140 83
139 83
138 42
137 88
136 83
135 83
134 88
133 24
132 24
131 33
130 49
129 82
128 71
127 17
146 88
147 71
169 1
168 67
167 6
166 57
165 48
164 60
163 57
162 90
161 88
160 66
100 88
159 51
158 64
157 11
156 88
155 88
154 24
153 24
152 17
170 72
175 88
177 88
176 88
171 88
174 88
195 92
18 88
194 84
190 37
193 29
192 88
191 37
182 88
189 37
188 80
180 56
187 77
186 88
181 84
185 79
202 81
201 29
200 71
199 60
198 88
197 88
206 88
207 88
205 88
203 20
204 93
220 88
219 88
218 88
217 72
209 66
216 93
215 82
214 88
223 35
222 12
248 42
228 84
237 88
245 5
247 84
246 83
244 17
243 89
227 88
239 8
242 10
241 71
240 88
173 88
238 42
224 80
236 93
235 84
234 83
257 88
251 89
252 66
256 88
255 88
254 90
253 38
249 12
260 88
261 88
276 88
285 45
273 27
307 88
306 88
283 95
280 69
281 50
258 88
262 95
294 64
305 88
304 88
303 88
299 88
302 96
301 24
300 93
298 96
297 93
296 84
295 51
282 60
263 88
293 77
292 88
264 28
291 82
290 10
270 80
289 88
288 83
287 6
286 67
284 41
278 92
316 1
315 5
314 84
313 71
274 33
225 80
312 88
311 88
331 57
320 88
326 18
328 88
330 71
329 33
317 6
322 10
327 8
325 60
324 82
323 88
319 17
372 98
371 57
370 98
369 93
355 67
341 30
339 24
368 75
367 12
366 80
365 88
357 99
31 88
346 46
335 66
333 88
364 82
363 98
362 88
361 26
360 39
359 0
358 88
338 88
356 93
354 26
353 60
342 11
97 88
352 12
351 53
350 73
349 73
381 5
380 82
379 6
378 83
377 88
386 55
384 84
382 88
383 7
392 1
391 93
390 98
389 82
388 6
387 88
403 30
394 24
395 35
401 6
405 82
406 88
404 26
398 99
399 88
402 84
336 6
400 28
396 96
397 1
19 24
430 84
211 6
415 88
429 36
428 81
29 88
412 24
420 88
411 66
418 41
427 88
426 51
409 88
425 25
424 88
423 77
422 88
407 88
421 98
419 9
414 60
417 71
413 88
266 60
443 53
442 49
434 24
441 9
440 66
439 16
438 93
437 84
436 88
435 66
445 84
446 88
347 5
474 92
452 5
465 88
473 54
472 12
449 88
471 50
466 88
470 45
468 84
469 33
467 93
348 60
464 88
455 41
463 32
462 88
461 51
375 88
457 71
448 58
481 71
476 84
478 30
489 18
488 60
487 92
480 69
475 71
486 10
485 67
484 8
483 67
491 88
490 66
493 90
494 88
495 88
506 6
505 49
504 60
503 9
502 66
501 83
500 5
499 45
511 8
510 9
509 88
512 1
523 88
515 71
522 41
521 88
520 88
519 6
479 88
518 50
517 5
535 51
533 10
524 6
534 30
532 88
531 88
530 82
529 8
526 29
528 88
540 88
537 75
538 84
541 93
539 77
542 88
544 88
543 88
545 80
549 93
548 35
547 82
550 51
553 52
554 45
28 88
555 69
559 88
558 60
433 5
557 90
556 36
561 8
563 88
562 88
564 24
566 51
565 90
676 96
581 93
675 88
595 53
674 9
673 88
573 90
672 69
671 69
670 69
669 5
668 51
667 64
666 71
665 67
664 69
663 96
662 67
661 74
660 74
659 5
658 90
657 90
656 29
655 29
654 29
653 29
652 29
651 29
650 29
272 88
649 30
648 29
647 29
646 29
645 29
644 29
643 88
642 29
641 29
640 29
639 29
638 29
637 29
636 29
635 69
634 88
633 64
632 9
631 64
630 64
629 64
628 64
627 71
626 10
625 42
624 67
623 88
622 10
621 81
620 10
619 45
618 67
613 82
617 96
616 50
615 88
265 10
233 0
614 88
612 96
611 6
610 18
609 6
608 50
607 35
606 42
605 84
604 88
603 88
602 96
601 66
600 66
599 71
598 88
597 66
681 88
583 93
680 64
686 35
682 55
685 71
684 92
683 88
691 30
690 10
149 41
698 88
695 15
696 1
689 24
699 24
697 88
687 88
694 88
693 33
688 30
789 71
551 88
708 88
787 88
773 88
124 18
739 71
725 38
213 42
791 96
720 88
734 51
790 74
717 93
711 88
774 88
788 37
712 67
785 88
786 12
750 82
732 88
765 88
741 88
447 88
747 50
713 28
784 45
783 33
782 6
781 8
780 45
755 67
779 88
778 80
777 52
776 88
775 45
536 42
706 66
772 18
771 96
740 42
770 51
769 88
768 71
767 88
766 92
759 12
764 71
763 44
762 88
761 88
760 96
758 12
757 88
723 88
756 35
716 82
754 9
753 5
721 88
752 88
743 64
751 88
749 88
748 88
702 64
746 6
745 42
744 52
742 64
710 67
527 80
718 35
4 84
738 41
701 70
737 25
736 88
735 9
733 10
731 84
730 51
797 60
577 41
796 88
308 67
811 82
810 41
809 51
808 92
807 80
806 24
805 16
804 62
677 41
798 81
800 88
803 71
812 82
848 51
844 42
847 28
822 10
821 10
816 88
840 45
229 88
814 51
841 45
846 88
823 88
845 42
704 88
843 88
126 35
111 88
842 88
818 35
839 55
838 82
837 88
836 41
835 88
834 88
825 26
819 57
833 51
334 0
832 88
831 82
830 8
829 79
854 95
853 84
337 88
850 51
852 89
851 17
857 93
855 88
856 17
865 33
864 67
863 42
575 80
862 56
102 33
861 88
458 17
868 38
867 67
866 88
877 17
872 93
869 95
799 91
870 83
876 80
513 44
875 80
874 71
883 68
878 77
879 93
882 8
881 88
880 71
892 1
886 88
887 71
891 88
888 18
890 93
889 71
894 88
896 67
895 88
813 88
893 88
24 88
919 88
416 88
940 80
939 44
950 60
933 15
899 88
910 80
949 10
948 6
922 29
947 64
946 88
925 80
932 55
897 64
945 11
931 93
944 50
943 6
942 77
586 88
938 60
918 88
923 35
23 73
941 5
911 49
930 80
929 80
937 51
927 74
934 6
914 64
936 5
935 35
909 64
151 24
907 83
727 98
928 18
966 90
965 6
952 88
964 88
954 1
231 48
963 80
900 88
962 6
795 42
961 88
960 6
385 88
955 62
959 99
951 15
148 88
958 83
967 88
971 88
970 85
976 88
975 10
985 93
980 6
984 88
983 35
982 42
981 25
988 35
987 88
995 5
994 42
993 71
992 77
991 96
990 88
999 35
1006 9
1005 41
1004 44
1003 44
1002 53
1001 67
1000 57
1007 80
1008 51
1009 77
1011 67
998 96
1012 66
1015 93
1016 18
1017 68
1013 77
1018 17
1019 96
902 88
1020 6
1024 67
1021 68
1025 98
1026 56
1023 69
1022 18
1027 88
1028 88
1032 60
1030 24
125 35
1031 67
973 88
1034 51
343 66
1033 83
250 81
1039 16
1038 5
1037 45
858 93
1042 88
1045 88
1044 88
1052 51
184 93
1051 88
1050 30
1049 41
1079 88
179 88
1070 88
1078 80
1077 80
1072 88
793 88
920 88
1076 83
1075 67
1054 28
1073 89
1067 42
1066 42
1053 80
1074 45
1071 51
150 42
1057 96
1056 88
568 96
1055 50
1081 88
584 81
1082 88
1083 82
1048 88
1086 72
112 70
456 88
1090 88
1089 1
145 84
1093 16
679 88
996 6
1092 79
1098 88
1096 93
1097 62
1099 96
1101 16
496 67
1109 71
1036 69
1108 98
1107 35
268 96
1106 88
451 51
1095 88
1105 67
692 67
1102 45
1104 41
1115 79
1111 88
1114 10
1120 71
1119 96
1113 88
1118 88
1112 70
1117 84
1116 80
1125 25
1132 88
1131 89
1130 17
340 93
1129 90
1128 28
1127 88
1138 88
1137 95
820 71
968 88
1136 60
1135 35
546 53
1134 42
1144 66
1143 51
1142 82
903 18
1147 51
1148 84
1146 10
700 90
1156 35
1155 15
1154 16
1153 18
1064 72
1157 24
1162 45
1165 45
1164 83
1158 88
1163 66
1166 6
1169 84
1168 88
1167 55
871 93
1172 88
1175 44
589 58
1173 10
1174 50
1177 24
1170 41
25 83
1176 36
1187 29
1186 88
1185 70
1180 55
1179 80
1183 88
1184 82
1182 82
1188 1
1189 88
1100 88
1191 71
1192 90
1190 88
1193 90
1194 69
1196 80
1197 88
101 5
1202 88
1203 98
1201 10
1205 18
498 85
1207 49
1211 67
1210 42
1209 33
1208 5
1212 88
1223 29
1222 8
1221 28
3 67
1220 64
1219 98
1218 33
1217 10
1216 0
267 42
1224 45
1225 57
969 16
1228 10
1227 35
1236 88
1235 88
110 67
1226 93
1234 1
1233 5
1232 45
1231 10
332 74
978 26
917 94
1238 84
729 36
1240 95
1241 45
1244 50
1242 88
1243 45
1247 24
376 32
1245 38
1246 71
259 71
1250 35
916 12
277 67
1251 96
1248 42
109 83
1253 71
1252 88
1256 88
1063 88
1255 1
1271 93
1260 27
1258 26
1257 88
1270 42
1269 88
1249 88
1264 97
5 88
1259 8
1265 51
1267 88
1268 5
1266 98
1262 79
1263 14
1199 8
1284 72
1272 62
1285 6
1282 9
1277 84
1274 96
1273 88
1283 82
1281 70
30 88
1280 80
1279 88
1278 5
726 33
1068 51
1316 60
815 82
1306 35
1291 83
1296 66
1040 37
1321 84
703 10
1288 35
1320 51
1300 6
1319 82
1318 60
1317 71
1315 25
1314 93
1313 88
1312 1
1311 11
1310 1
1309 35
1308 1
1307 24
1305 88
1304 98
1294 35
1292 52
1325 88
1332 6
1324 28
1328 71
1337 66
1336 42
1335 88
1334 88
1333 67
1331 11
1330 88
1322 45
1323 25
1126 67
1338 88
1355 79
1342 88
1349 69
1352 88
1353 6
1359 9
1362 32
1122 35
1356 37
1145 35
477 84
1341 90
1360 84
1361 84
1343 51
591 53
1346 67
1358 35
1347 55
1348 72
1339 55
1340 88
1357 82
279 66
1364 51
1366 66
1372 82
1376 66
1373 71
1383 45
714 90
1375 79
1380 67
1367 64
1382 51
1381 83
123 88
232 88
1369 9
1379 88
1378 84
1377 5
1365 57
410 49
1374 6
1386 88
1384 82
1398 30
121 10
1400 90
1393 10
1387 10
1406 88
1405 88
1010 42
1392 55
1404 41
1403 41
1402 83
1401 32
1399 90
1397 24
1390 81
1388 75
1385 30
1396 83
1395 88
580 5
1411 33
1410 64
1412 79
1407 62
1418 88
1417 74
1413 88
1414 24
1419 64
1429 93
1428 51
1427 74
1421 71
196 93
1426 35
309 93
801 71
507 66
1425 84
1091 83
1420 88
1422 15
1415 55
1424 67
1295 88
1423 67
1433 67
1437 9
1301 84
1436 42
1435 88
1326 82
1439 84
1438 66
1441 8
1440 60
1443 50
1446 71
1445 88
1444 45
1452 30
1455 66
1447 30
1448 35
1449 96
1450 88
1454 67
1453 81
1456 64
859 6
1460 33
1468 89
1464 11
1461 90
1467 60
1466 64
1465 24
1463 90
497 88
1471 77
1473 93
1470 57
1469 24
1472 82
1474 88
678 6
560 10
1477 88
1487 33
1478 88
1475 84
1484 35
1486 18
1482 33
898 82
1483 66
1476 60
1195 26
1480 8
860 64
905 88
709 67
1488 75
1489 88
582 88
1491 6
1499 88
1494 88
1502 24
1497 12
1512 88
1206 88
269 79
1498 99
1511 92
1510 51
1416 66
1509 50
1500 24
1492 88
1508 90
594 71
1505 26
1507 50
1506 37
1504 96
1495 1
1501 9
1513 96
957 74
1515 98
1517 93
172 84
1518 62
1521 88
1519 33
1527 30
1523 44
1526 71
1525 41
1536 84
1535 51
1534 1
1533 88
1531 18
1532 71
1537 88
178 88
1538 57
1545 41
1544 93
344 9
1543 55
1542 17
1541 18
1540 10
1573 51
1546 66
1557 5
1550 5
1572 41
1303 99
1571 88
1297 60
1570 12
1302 24
1569 71
1041 88
1568 81
1124 66
1567 37
1516 88
1566 51
1565 90
1029 62
1514 29
707 64
1564 71
1563 6
1562 88
1561 88
1560 24
1559 33
1558 53
593 71
592 6
817 90
719 49
1575 88
1577 64
1574 88
1394 82
1576 5
1579 60
1581 88
1580 87
310 88
1585 83
1584 88
1583 5
552 6
1588 74
275 66
1586 1
1 33
516 29
1587 90
1592 1
1457 64
122 84
1594 42
1600 93
1599 83
1598 93
587 33
1597 6
1606 60
1603 35
1601 0
1607 18
1611 17
1610 17
1609 93
1608 18
1229 82
1616 28
1615 88
1617 83
1614 11
1618 60
1593 34
1622 93
1624 28
1623 96
1625 28
1626 50
1529 37
1629 88
1140 45
1630 88
824 88
1639 51
849 82
1638 5
1633 35
1636 93
1635 6
1632 66
1555 66
1637 68
1641 88
1643 88
1640 92
1646 0
1644 49
1123 88
1652 12
1651 15
1650 42
1659 18
1657 88
1658 9
1656 98
1655 17
1654 51
1660 88
1664 36
1663 15
1662 67
1121 0
1672 84
1678 12
1666 88
1670 82
1677 17
1667 99
1556 81
1676 9
1675 96
1674 28
1669 17
1673 30
1665 82
1680 88
1627 67
1679 85
1371 93
271 42
1681 68
454 88
1524 29
1683 42
1181 88
1481 51
826 11
1685 30
1688 83
1687 73
1686 51
1689 88
1692 74
924 24
1691 18
1690 6
979 90
1696 90
1699 6
1698 0
1694 33
1697 80
1695 80
1723 96
1700 88
1740 28
1746 12
1743 25
1725 45
1014 93
1710 80
1719 28
1724 30
1736 30
1578 60
1701 28
1628 88
1733 18
1704 86
1110 51
1738 6
1739 56
1745 17
1744 24
570 93
1742 93
590 9
1589 37
1344 86
1741 18
1547 60
1737 35
1528 25
1735 25
1731 15
1728 12
1734 28
431 64
1705 66
1706 88
1729 28
1732 51
1730 44
1709 74
1707 85
1727 32
1726 96
1548 98
1749 15
1582 51
1750 95
1756 64
1753 96
1755 41
1752 96
1751 82
571 80
576 57
1754 16
1408 11
1757 11
1761 80
1760 88
1763 1
1766 26
1765 84
1620 71
1768 83
1767 6
1770 84
1432 37
1772 80
1769 55
1775 50
1774 24
1776 55
1778 30
986 30
1782 88
1779 62
1781 55
1490 64
1785 88
596 71
1780 94
345 55
912 84
724 26
1786 93
1787 49
208 11
212 89
1790 2
1789 69
1788 51
1792 88
1793 88
1087 72
1794 71
1795 6
1645 49
1797 79
1800 82
1798 82
1363 84
1801 92
1649 69
1802 9
1805 94
1804 89
1803 91
1462 92
1806 93
1813 1
1811 46
1812 71
1807 17
1815 93
1816 84
1810 30
1817 21
1818 88
1820 12
1819 5
1821 96
1823 80
1825 53
1496 6
1827 10
1151 88
1826 84
1824 71
1834 88
1833 44
1832 88
1671 35
1831 8
915 9
1835 12
1838 95
1764 33
1747 66
1837 98
1133 5
1085 83
1178 9
1841 84
1351 84
1843 8
1522 82
1844 35
1846 88
1845 74
827 16
1442 84
1849 90
1848 6
1350 62
1847 88
705 88
1855 88
1852 88
1858 28
1458 0
1857 45
1856 15
1553 38
1862 35
1863 55
1864 83
1370 0
1865 23
1693 71
1868 88
1866 88
1873 88
1869 38
1871 52
1872 70
1870 68
802 26
1874 96
1876 88
1880 88
1879 88
1883 6
1878 51
1881 7
1882 9
794 55
1885 21
1886 1
1887 88
1888 49
1889 80
1890 18
1892 51
1893 15
1894 88
1895 62
1898 55
1897 77
1899 53
1900 88
1901 88
913 41
1902 79
1840 33
1907 64
1904 9
1905 72
1903 64
1906 32
1715 69
1908 24
1059 88
1911 84
1554 83
1909 59
1451 84
1459 93
1914 71
1913 82
1896 33
1552 63
569 51
1912 51
1915 96
1661 28
1917 80
1916 66
567 10
1923 30
1809 16
1922 77
1924 16
1930 1
1929 55
1928 93
1933 49
1931 84
1934 12
1329 71
1935 88
1936 72
1937 88
1939 84
1938 82
1940 77
1941 41
1759 88
1791 88
1299 74
1943 11
1159 81
1237 60
1944 88
1946 72
1945 85
1947 77
1949 28
1948 84
728 97
1139 82
1950 93
1952 30
1239 35
1955 10
1957 96
1956 70
1958 5
1959 66
579 98
1960 66
1647 45
1043 35
1962 88
1961 72
1530 46
1963 88
1965 26
1964 6
1286 90
210 92
408 98
1966 88
1748 82
792 55
1968 10
1967 42
1970 88
1969 18
1971 71
1972 24
1974 84
1975 67
1619 86
1918 88
1287 24
1721 96
1976 88
1877 51
1978 11
997 47
1979 98
1980 77
1982 15
1981 51
908 18
1973 60
1985 88
1986 45
1822 35
459 50
1853 37
1602 15
1988 51
873 18
1990 69
1987 93
1590 93
1989 64
1276 88
1992 61
1993 27
1290 41
1996 89
1995 88
1999 96
1997 93
1345 10
1998 79
2002 60
2004 16
2000 68
2001 98
460 35
2005 60
1927 88
2006 56
1711 60
2007 77
1479 30
2011 77
1925 1
2016 0
1921 84
2015 42
2014 68
2013 80
2012 71
572 88
2010 71
2009 0
1065 8
1758 93
1954 82
715 71
2017 11
492 18
2018 12
2020 60
2021 93
373 53
374 12
2023 88
2022 95
1171 69
2025 11
972 69
2024 69
2026 56
1926 45
393 83
1799 35
2027 51
2028 60
2030 77
2029 50
2031 30
2032 41
453 99
1631 0
2033 60
2034 96
1213 24
1389 30
2035 63
2036 71
2037 82
2040 71
2039 6
2041 72
2042 6
2043 6
901 60
2044 42
1983 45
2045 88
1875 51
2047 93
2046 77
2048 77
2049 80
2051 8
2052 33
2054 10
2038 74
508 84
1612 41
2058 83
2057 51
2056 88
2060 14
2068 75
2059 98
2064 70
2067 82
2066 35
2065 60
1773 1
2063 30
2072 88
2069 24
2074 69
2076 66
2075 90
1648 90
2077 72
1829 24
2078 8
1842 42
2070 30
2080 88
2081 88
2088 95
2089 6
2090 62
2083 5
2086 44
2082 80
1830 40
1860 84
2085 11
2084 0
2092 77
2091 8
2093 36
2098 93
1161 88
2094 88
1942 37
2100 73
1160 88
2101 88
2099 6
2097 51
2096 88
2095 70
2107 1
2106 44
2105 45
2108 15
2110 88
2109 88
1261 15
2111 80
2113 15
2112 24
2114 82
2115 80
2116 28
2117 84
1103 88
974 96
1682 61
2071 50
2119 35
722 81
1984 88
1910 56
2120 49
2121 83
1152 12
2122 96
1713 46
2123 12
1920 8
2128 6
2126 84
2124 25
2129 28
2125 84
2127 55
2008 1
2130 17
2135 11
2133 35
1551 33
2131 38
921 51
2132 64
2134 30
2136 85
2138 88
2137 34
2139 1
1994 88
2143 70
2140 48
2141 62
2144 77
828 1
2147 41
230 12
2149 42
2053 27
2150 64
2151 11
1653 84
2146 64
1150 74
2152 21
2153 8
1058 64
2154 88
2156 88
2158 17
1503 74
2160 6
2161 5
2118 66
2159 82
2104 74
2170 1
2169 96
2168 16
2167 75
2166 88
1485 84
482 5
2165 33
2164 51
1919 96
2163 1
2171 21
1062 64
2176 11
2172 85
2174 62
2175 85
2050 16
2177 93
2179 25
2178 28
2103 16
2181 60
221 90
2180 49
1714 28
1605 30
2182 69
2183 77
904 25
2184 30
2185 10
2188 68
2055 71
1613 55
2187 26
2186 42
1047 16
2189 88
2191 93
2190 68
1771 76
2193 6
2087 1
2194 54
2197 1
2195 82
2196 30
2198 37
2199 77
2200 30
2201 66
2202 69
2203 38
2204 88
1409 84
1712 2
1084 92
2062 98
2208 96
2207 11
2209 35
1354 60
2210 11
585 64
1141 18
2215 30
1717 89
2216 30
2217 30
2003 88
578 9
2148 88
1289 33
2220 17
1094 66
2225 96
2221 80
2223 88
2224 73
1198 60
2226 10
2227 88
2228 30
2229 60
321 66
953 95
2230 83
2231 68
444 80
226 6
1539 5
2232 84
1703 22
2233 51
2234 15
2236 2
2235 18
2237 30
2238 24
2240 11
2241 35
2242 37
1991 66
2245 20
926 66
2244 31
2246 44
2206 1
1520 60
2247 11
2248 88
2250 74
2251 18
2249 6
1891 67
2252 30
1596 10
1796 12
2253 88
2255 12
2254 2
2256 60
2257 88
2258 77
2261 52
2259 70
2260 50
1069 84
977 81
2262 77
2263 53
2264 49
2265 12
2267 68
2173 52
2266 41
2211 89
2268 15
1088 67
1836 13
1684 55
2239 88
2279 51
2142 51
2282 51
2285 51
2280 51
2274 51
2291 51
2287 88
2281 60
2271 88
2283 60
33 60
2278 60
2272 60
2284 88
2289 60
2290 88
2273 60
2276 60
2155 60
2288 60
32 60
2275 60
35 60
34 60
2277 60
2286 82
2270 83
1859 81
1604 88
2292 88
1808 26
183 74
2073 93
1434 69
2293 16
1783 29
1595 24
2294 72
2295 93
2296 26
2243 97
956 99
2298 96
2297 96
2218 14
1293 62
2212 2
1932 1
2299 77
1634 82
2300 55
2302 99
2301 6
2303 88
2304 55
1702 64
2305 78
2310 72
2309 70
2306 55
2311 66
2312 33
1060 93
2313 42
2314 83
1851 82
2315 21
2316 45
2317 88
2318 51
1828 4
2308 84
2319 49
2320 67
1298 71
2321 45
2061 11
2322 77
1200 12
1884 95
2323 11
2324 93
2327 26
2326 51
2325 21
574 96
2328 51
1080 80
2329 91
2331 93
2330 21
2332 93
2333 21
2334 8
2335 42
2336 53
2338 77
2337 6
2213 70
2079 85
2340 66
2341 12
2342 68
2344 80
2343 30
2345 51
2346 81
2339 96
2348 62
2347 68
2349 88
1718 30
1368 0
2157 62
1204 25
2351 33
2350 67
2352 45
2219 60
2353 46
2354 51
906 15
318 23
1215 93
1214 62
1591 44
2019 24
2356 82
2357 16
2359 30
2358 79
1230 88
1431 60
2361 88
2363 51
2362 11
2364 64
2365 95
2366 96
2367 8
2368 89
2372 18
2369 53
2370 93
1861 79
2192 46
2371 37
514 92
2373 88
2374 77
2375 88
2377 6
2376 50
2378 88
2379 88
2380 88
2307 9
2381 28
2382 28
20 80
525 63
2383 51
2384 17
1722 93
989 93
2387 88
2389 88
2386 88
2391 74
2390 69
2392 29
2393 35
2394 72
2396 88
2395 35
2385 99
2397 38
2398 93
2399 88
2400 6
2401 88
2402 3
2403 51
2405 77
2404 12
2406 88
2415 50
2413 10
1720 64
2414 93
2412 1
2408 88
2410 93
2416 17
2417 6
1621 80
2418 80
2411 30
2422 84
2419 51
2420 51
2421 9
2423 47
1275 65
1814 2
2205 35
2424 88
2425 45
2426 88
2427 30
2428 38
2431 88
2429 45
2430 45
2214 88
2432 88
2433 89
2436 93
2435 42
2434 88
2437 1
2438 93
1327 90
2439 51
2440 41
2441 88
2442 96
2443 88
2444 51
2445 88
2446 93
2447 77
2448 96
2449 12
2450 28
2452 83
2451 28
2455 12
2453 96
2454 43
2456 82
2457 11
2458 35
2460 88
2459 24
2461 80
1549 17
2407 12
2462 90
2463 53
2464 88
2465 88
2466 68
432 4
2467 77
2468 8
1777 89
2470 88
2469 84
1061 12
2471 79
2102 10
2472 88
2473 88
2474 42
2475 55
1977 88
1839 31
2478 93
2477 93
2479 18
2476 6
2480 49
2481 1
2482 69
2483 57
2485 2
2484 92
2487 67
2486 6
2269 91
2489 37
2488 57
2490 85
2162 46
2355 42
2492 57
2491 10
2493 88
2494 30
2495 93
2496 71
1951 48
2497 88
1708 45
2498 1
1391 35
2499 9
2500 37
2501 30
2503 93
2502 88
2505 28
2504 88
2506 88
2507 50
2510 18
2509 61
2508 9
2511 98
2512 84
2513 24
2145 78
2515 11
2514 49
2409 36
2516 88
2517 10
2518 1
1046 19
2519 93
2520 88
2521 9
2523 88
2522 12
2524 9
1953 18
2525 88
2526 1
2527 9
2528 82
2529 16
2530 12
2531 88
1254 30
2532 11
2533 77
2534 15
2535 92
2536 77
2537 60
2538 6
2539 92
2540 28
2541 18
2542 57
1716 93
2543 15
