1164691 0
1270783 1
1164495 2
3889199 3
1352270 4
822689 5
400425 6
1066264 7
1010789 8
1505811 9
349086 10
1515918 11
3056210 12
734586 13
1504469 14
127179 15
1476691 16
465171 17
134259 18
3562537 19
3942977 20
152050 21
282011 22
1117139 23
713411 24
1129750 25
1595189 26
155746 27
751423 28
652647 29
804400 30
277190 31
876379 32
823394 33
876428 34
876417 35
876411 36
1432880 37
112671 38
574770 39
1317118 40
1744981 41
1068590 42
1559648 43
1446500 44
1263788 45
1270964 46
1133536 47
725514 48
1519375 49
1379788 50
1088871 51
1329903 52
850440 53
1010457 54
1234349 55
1234508 56
1678515 57
1600451 58
720134 59
782136 60
804411 61
1082755 62
1031583 63
894046 64
1319850 65
1244745 66
1075373 67
828279 68
1011951 69
909159 70
1377235 71
909077 72
1559583 73
1525057 74
1441815 75
691077 76
868472 77
1330184 78
1088982 79
1083233 80
950729 81
1505319 82
984494 83
795205 84
794399 85
1395262 86
435479 87
1504270 88
1275639 89
222234 90
1152116 91
1239078 92
149024 93
1247503 94
690200 95
123941 96
294239 97
23519 98
606923 99
718627 100
531111 101
1751041 102
806645 103
282338 104
211912 105
886794 106
882557 107
875134 108
526736 109
1499121 110
740342 111
3205829 112
513541 113
882306 114
1415616 115
782169 116
2333053 117
726733 118
1288662 119
699998 120
1465187 121
294242 122
1469758 123
300613 124
3222643 125
769180 126
1600942 127
613853 128
567853 129
508058 130
1493183 131
1089128 132
1385130 133
294154 134
1394299 135
1565564 136
868734 137
342799 138
2964709 139
2964639 140
1182027 141
1549587 142
827854 143
1404410 144
294215 145
1220480 146
459847 147
1481578 148
804404 149
526238 150
1320762 151
752134 152
3634478 153
4851598 154
498026 155
796492 156
601782 157
358464 158
679670 159
193528 160
719486 161
783094 162
828881 163
1499582 164
3425728 165
530945 166
1181813 167
1571593 168
852826 169
3490649 170
787984 171
889391 172
794497 173
1404181 174
719122 175
287990 176
642536 177
385414 178
522433 179
1404862 180
883298 181
630199 182
1415243 183
1415156 184
1415136 185
449886 186
1195570 187
926569 188
531075 189
888543 190
904395 191
901753 192
642575 193
337648 194
452181 195
348529 196
268302 197
423873 198
1010844 199
221884 200
580835 201
567060 202
1551151 203
256100 204
343778 205
536452 206
498075 207
1311137 208
619307 209
861822 210
788549 211
344057 212
317745 213
775112 214
774598 215
608022 216
551772 217
300003 218
384684 219
384697 220
874738 221
1061262 222
464552 223
743004 224
1525223 225
1539438 226
719134 227
1339237 228
726032 229
2745672 230
1384707 231
1565851 232
1066457 233
2241918 234
753556 235
1813377 236
317292 237
193650 238
1333805 239
302232 240
1384202 241
1269846 242
816030 243
1243728 244
1362064 245
233040 246
823418 247
944070 248
4338857 249
1181638 250
586582 251
1063211 252
1125980 253
1125311 254
752609 255
700301 256
312251 257
931910 258
3618317 259
1312505 260
1320431 261
1371460 262
262756 263
850447 264
1066341 265
2592972 266
3378039 267
3049361 268
1070396 269
1012152 270
3383685 271
530813 272
1328909 273
1977621 274
1985549 275
931596 276
1356932 277
1347360 278
1299536 279
1352597 280
1366121 281
1168270 282
1347191 283
1684116 284
1324772 285
1303956 286
1027615 287
1520180 288
167682 289
1164301 290
1070369 291
1025962 292
1168329 293
1311999 294
637212 295
1428587 296
1263674 297
887351 298
277136 299
633219 300
1279206 301
1172188 302
789021 303
768549 304
700407 305
957601 306
944470 307
1257120 308
700279 309
1479325 310
357024 311
4851549 312
1076407 313
1385170 314
1270560 315
1571247 316
3764833 317
1037459 318
1421891 319
1182096 320
1410354 321
4136107 322
871206 323
728240 324
2073205 325
1253192 326
2384527 327
647460 328
2524635 329
3079329 330
1539359 331
660796 332
3207162 333
1002625 334
995779 335
911085 336
1400393 337
4530494 338
4619134 339
1141304 340
966709 341
1455227 342
1546428 343
1316058 344
1097763 345
1922104 346
580421 347
1038120 348
4921781 349
1525353 350
4788194 351
1365163 352
2165010 353
3492043 354
3160086 355
3945969 356
1736071 357
1036209 358
4846712 359
1443261 360
1201528 361
918038 362
1159743 363
3147734 364
1428180 365
1812090 366
3152919 367
887874 368
1038066 369
761109 370
919378 371
2852954 372
5032319 373
4309865 374
961084 375
858586 376
349828 377
1428187 378
1466113 379
1252962 380
1371669 381
300560 382
1522142 383
1522390 384
720479 385
2767907 386
287869 387
1671028 388
1082130 389
1809934 390
690541 391
1346907 392
4856209 393
3684711 394
3517205 395
211360 396
1812165 397
4196379 398
3284188 399
684269 400
2838473 401
580998 402
2784849 403
742536 404
782237 405
427785 406
1037268 407
1371439 408
264499 409
1379130 410
1454630 411
1467016 412
357066 413
1356938 414
1362108 415
750204 416
901162 417
1371061 418
990617 419
311282 420
2390761 421
796546 422
311093 423
1461703 424
1464687 425
208169 426
782766 427
828834 428
1181929 429
919407 430
741485 431
919077 432
697686 433
774358 434
762674 435
367812 436
3483360 437
368119 438
1206540 439
1244472 440
1362777 441
996808 442
1061600 443
2299332 444
816723 445
1400801 446
761001 447
4085892 448
1215226 449
2747758 450
1089457 451
1414897 452
1532138 453
1051848 454
3480195 455
1371021 456
733452 457
1918698 458
3426160 459
2835488 460
1584625 461
727159 462
1336406 463
652609 464
874967 465
733946 466
1466165 467
734859 468
1396001 469
1067916 470
1051320 471
1225293 472
1427326 473
1114028 474
782639 475
1244827 476
761032 477
1352330 478
727589 479
938460 480
1275178 481
783118 482
374213 483
3740459 484
944572 485
1357933 486
1320386 487
1107464 488
1027293 489
912890 490
1133455 491
2285291 492
4816090 493
1082492 494
698340 495
1571039 496
1930002 497
2469900 498
1340092 499
1244266 500
1233952 501
1221081 502
1221042 503
1211387 504
911854 505
828170 506
326975 507
775746 508
326977 509
1539128 510
1474895 511
5271029 512
3490258 513
1305801 514
2970509 515
1428442 516
1808929 517
4921681 518
630985 519
1431744 520
829530 521
1057304 522
222422 523
1094133 524
5400381 525
885735 526
1206353 527
4624469 528
4138472 529
836519 530
836540 531
357022 532
1356354 533
1585691 534
1505159 535
493875 536
1269632 537
1423093 538
1195715 539
879244 540
1271773 541
1468040 542
660504 543
782460 544
4535392 545
586832 546
1002536 547
1508746 548
442850 549
1439725 550
277069 551
1486779 552
1442063 553
1210469 554
750994 555
2790752 556
806213 557
276780 558
535504 559
919929 560
1436643 561
725691 562
859896 563
5250160 564
781414 565
877451 566
879422 567
690034 568
484983 569
1252226 570
1242741 571
337309 572
1000904 573
1232979 574
1227393 575
1227147 576
1226957 577
1226936 578
1226922 579
836551 580
1016569 581
1201534 582
637886 583
823179 584
882459 585
1010904 586
1181747 587
1181667 588
1081246 589
1096469 590
1168328 591
1168321 592
1168308 593
1168301 594
1025936 595
1081507 596
633451 597
1016536 598
317069 599
1010476 600
198436 601
787952 602
306869 603
775640 604
734942 605
1070376 606
1070373 607
1070371 608
966632 609
1067704 610
333024 611
1061630 612
1061628 613
1035891 614
1010484 615
1062141 616
888710 617
727581 618
1061619 619
1061605 620
1061602 621
1027590 622
690204 623
937130 624
1027502 625
638935 626
638690 627
762460 628
665368 629
638311 630
550840 631
1010666 632
848544 633
828205 634
879457 635
535179 636
719522 637
719520 638
782661 639
775466 640
733864 641
733790 642
719596 643
906781 644
906731 645
789279 646
363013 647
197923 648
885806 649
886805 650
906789 651
879853 652
873351 653
873327 654
773571 655
885673 656
743001 657
1017861 658
858285 659
1052582 660
1052477 661
869435 662
725939 663
317304 664
858314 665
951391 666
821879 667
931358 668
829832 669
1052427 670
835309 671
869544 672
1026859 673
1026851 674
288716 675
1016143 676
3691500 677
761080 678
983642 679
821918 680
618499 681
1164310 682
1356992 683
1045200 684
379406 685
1390549 686
1242860 687
1509103 688
1252649 689
911126 690
911178 691
262562 692
1416370 693
768811 694
1206631 695
828252 696
1057563 697
1195673 698
754897 699
384648 700
841461 701
1201272 702
896366 703
277167 704
4527431 705
926296 706
926096 707
282541 708
3340800 709
1227205 710
465151 711
507536 712
787566 713
1210656 714
2070179 715
1026842 716
464180 717
1276163 718
850677 719
294026 720
1104308 721
979497 722
1057222 723
865813 724
312094 725
883422 726
1465335 727
1475888 728
1446396 729
1560961 730
653075 731
282368 732
1554193 733
356881 734
893926 735
732254 736
720696 737
1499499 738
310723 739
127423 740
741230 741
918877 742
1176880 743
1215116 744
1214855 745
642766 746
782113 747
1196103 748
698196 749
706695 750
1182792 751
1026261 752
1133292 753
1130390 754
888120 755
180943 756
384889 757
1021077 758
973380 759
1021072 760
198415 761
544183 762
888505 763
1001917 764
741179 765
312097 766
958320 767
295484 768
943217 769
931961 770
926515 771
926315 772
300451 773
483469 774
761317 775
895585 776
851580 777
549734 778
742752 779
888075 780
834358 781
815793 782
460749 783
795430 784
469272 785
611741 786
294540 787
483570 788
276755 789
357065 790
349971 791
882720 792
282346 793
1499907 794
2537953 795
612473 796
455210 797
1111318 798
1390303 799
3601150 800
859092 801
2865922 802
1453077 803
4185803 804
1438518 805
4080726 806
3350278 807
1298874 808
1438795 809
1111575 810
1071549 811
720640 812
984524 813
727080 814
734592 815
726290 816
890153 817
721775 818
737402 819
895451 820
726224 821
726083 822
406445 823
180903 824
752165 825
722212 826
1106258 827
842538 828
829432 829
852515 830
1016451 831
373758 832
374082 833
497449 834
401221 835
852710 836
718725 837
494442 838
494433 839
726527 840
685293 841
712590 842
625715 843
312110 844
727453 845
193367 846
312106 847
483760 848
1555675 849
4922561 850
268346 851
1982329 852
1196139 853
726241 854
1195902 855
2017501 856
873390 857
3430300 858
881357 859
3335296 860
827802 861
1442726 862
873054 863
1137576 864
1454281 865
2457389 866
1465563 867
1671352 868
1001797 869
1460511 870
406444 871
689451 872
3387432 873
741395 874
1428155 875
1098034 876
3936695 877
2715498 878
787994 879
3278326 880
804219 881
1554632 882
1011961 883
5513362 884
3476140 885
4589675 886
767451 887
2468736 888
1446469 889
4210598 890
1395308 891
1750383 892
1326000 893
2012488 894
802912 895
1459448 896
707276 897
647616 898
925865 899
873379 900
1010759 901
1813931 902
713161 903
874240 904
1549815 905
1476631 906
1372867 907
1555976 908
1346510 909
926640 910
1164794 911
1133518 912
742114 913
1101832 914
2074877 915
2339017 916
1962800 917
449036 918
875559 919
282341 920
1270249 921
951233 922
1102441 923
874616 924
973900 925
1539886 926
1215110 927
1002243 928
788552 929
788573 930
734011 931
874625 932
925799 933
1252529 934
909493 935
670260 936
843056 937
761267 938
888480 939
882128 940
1145911 941
643056 942
357064 943
1031072 944
1016529 945
852711 946
874641 947
937444 948
937288 949
828008 950
3323980 951
827865 952
1571194 953
931693 954
4134653 955
1962748 956
5120022 957
498020 958
3213693 959
2452223 960
1182919 961
1341620 962
3278540 963
1057162 964
1390246 965
2402544 966
1051427 967
1082449 968
951393 969
1428534 970
1094224 971
3740669 972
725722 973
1427240 974
1525213 975
405356 976
2617088 977
2454983 978
2531921 979
625779 980
1503964 981
919012 982
690633 983
494188 984
1052357 985
1202407 986
3937613 987
1883143 988
3206704 989
2744286 990
767116 991
894696 992
557165 993
3166446 994
2798746 995
1366114 996
2991588 997
1527207 998
2687932 999
2701442 1000
3275209 1001
1362621 1002
1918770 1003
1549260 1004
2519384 1005
1312319 1006
876553 1007
1505682 1008
1367609 1009
1011196 1010
1504975 1011
1471233 1012
2957277 1013
1110840 1014
1394935 1015
2800594 1016
816303 1017
3763706 1018
3800105 1019
1340976 1020
397346 1021
2590234 1022
2590245 1023
1188116 1024
902556 1025
1357059 1026
3487471 1027
3482080 1028
1189109 1029
1673366 1030
1471223 1031
1487788 1032
1428170 1033
2543720 1034
5208877 1035
668444 1036
2966142 1037
919015 1038
1751341 1039
829215 1040
1390490 1041
1353575 1042
2903930 1043
1325718 1044
1279452 1045
1270766 1046
1546353 1047
227273 1048
1500329 1049
222404 1050
920374 1051
282358 1052
775081 1053
764630 1054
828879 1055
798414 1056
489031 1057
216108 1058
768563 1059
734441 1060
668789 1061
774425 1062
835662 1063
49723 1064
733034 1065
357490 1066
691651 1067
176718 1068
642944 1069
751453 1070
732916 1071
741540 1072
581126 1073
592836 1074
752765 1075
668379 1076
751855 1077
465025 1078
522449 1079
697548 1080
601041 1081
796496 1082
181308 1083
2757965 1084
2456579 1085
3046997 1086
1221540 1087
498136 1088
3282568 1089
835768 1090
1037381 1091
1499024 1092
1173889 1093
2404368 1094
868142 1095
823052 1096
1595322 1097
3486359 1098
2287348 1099
1405634 1100
1570000 1101
4521683 1102
1071607 1103
885086 1104
1164406 1105
1168488 1106
1058006 1107
1571188 1108
1228300 1109
2399009 1110
2242572 1111
1738637 1112
1461321 1113
1316137 1114
1311118 1115
1428593 1116
1334216 1117
1289475 1118
1474932 1119
1293651 1120
1510054 1121
775603 1122
937292 1123
850272 1124
1199344 1125
137379 1126
1263075 1127
167645 1128
1159172 1129
1106041 1130
1221574 1131
725869 1132
1325751 1133
795140 1134
697200 1135
1151426 1136
951087 1137
842325 1138
1031817 1139
1022259 1140
708014 1141
418341 1142
455334 1143
625946 1144
876479 1145
713115 1146
613723 1147
301100 1148
3220509 1149
1289847 1150
1182141 1151
2969253 1152
580677 1153
1325808 1154
1082225 1155
769220 1156
1538961 1157
207922 1158
835268 1159
836809 1160
750939 1161
1357528 1162
1221372 1163
1288147 1164
1233189 1165
1070950 1166
1169432 1167
1089406 1168
843567 1169
1554210 1170
4640380 1171
1525257 1172
1736551 1173
1926645 1174
1559903 1175
1129771 1176
1129189 1177
1089727 1178
1492274 1179
1525279 1180
3738515 1181
1432133 1182
1234493 1183
1270050 1184
1565212 1185
1125416 1186
1126201 1187
1021635 1188
834276 1189
726758 1190
411693 1191
700285 1192
1103808 1193
1861812 1194
1427330 1195
901283 1196
497989 1197
1270263 1198
2696801 1199
1918930 1200
148346 1201
352876 1202
760056 1203
4640263 1204
1158917 1205
1066758 1206
1300075 1207
3694100 1208
895396 1209
1476157 1210
782107 1211
1390646 1212
3327206 1213
2391427 1214
1441319 1215
1492582 1216
1329908 1217
990158 1218
1269886 1219
1437327 1220
1118287 1221
859276 1222
1334228 1223
536147 1224
1396169 1225
1287395 1226
1158926 1227
2020934 1228
1584622 1229
1279523 1230
741350 1231
1298175 1232
1311152 1233
411525 1234
1051845 1235
1021214 1236
1565413 1237
800733 1238
781159 1239
1118965 1240
1671076 1241
1539332 1242
3876524 1243
4142122 1244
1480816 1245
750828 1246
1460106 1247
1531577 1248
761773 1249
769264 1250
888967 1251
1601899 1252
1515408 1253
2741713 1254
911112 1255
816337 1256
1480797 1257
1480705 1258
876478 1259
909845 1260
1573248 1261
2072683 1262
2588907 1263
1491864 1264
1525207 1265
1808479 1266
1239274 1267
1405639 1268
896972 1269
852878 1270
1362058 1271
978300 1272
1070450 1273
1021097 1274
2838698 1275
1299601 1276
796659 1277
957200 1278
1202320 1279
1205535 1280
1163841 1281
1012593 1282
323250 1283
803810 1284
984576 1285
4330879 1286
4516200 1287
984802 1288
1169183 1289
1491821 1290
761683 1291
1480133 1292
1580055 1293
1466290 1294
1227290 1295
796131 1296
1347476 1297
1188246 1298
836321 1299
841462 1300
959979 1301
1395860 1302
1211566 1303
918946 1304
1361347 1305
741787 1306
163812 1307
665789 1308
804240 1309
827828 1310
945056 1311
1001314 1312
121541 1313
881989 1314
869536 1315
726922 1316
1226428 1317
701567 1318
660240 1319
172855 1320
498005 1321
1554540 1322
1594598 1323
1403815 1324
1089909 1325
1476342 1326
1566763 1327
1408512 1328
822055 1329
324196 1330
1032826 1331
1341849 1332
1330013 1333
878431 1334
1325169 1335
858831 1336
1078535 1337
148337 1338
1471542 1339
1475181 1340
1100824 1341
159303 1342
1107466 1343
4250566 1344
2903820 1345
1372519 1346
1399533 1347
1448846 1348
176886 1349
1076143 1350
1037559 1351
268938 1352
322422 1353
1821537 1354
154938 1355
795390 1356
735099 1357
1320498 1358
613913 1359
176969 1360
763546 1361
619504 1362
1372437 1363
895457 1364
3159904 1365
1221224 1366
1389419 1367
4627896 1368
1098726 1369
4027450 1370
530836 1371
1165089 1372
1151989 1373
1441226 1374
1329197 1375
1221202 1376
2333773 1377
1578836 1378
1173535 1379
896305 1380
1389686 1381
1443110 1382
1298213 1383
1442678 1384
1868084 1385
1436928 1386
1470397 1387
1600165 1388
2248730 1389
1509662 1390
2791577 1391
1475358 1392
1469724 1393
882965 1394
852445 1395
1117626 1396
1372227 1397
1464867 1398
1476727 1399
1436940 1400
1492638 1401
1159563 1402
1480748 1403
1515255 1404
1476029 1405
759927 1406
3277383 1407
2929162 1408
1584733 1409
1329180 1410
834572 1411
728888 1412
871477 1413
887668 1414
1137438 1415
384988 1416
883352 1417
874362 1418
894653 1419
1083257 1420
968114 1421
1117391 1422
894640 1423
1159733 1424
1032093 1425
944363 1426
895910 1427
399301 1428
423330 1429
1270748 1430
1329762 1431
361577 1432
322337 1433
1089006 1434
1045563 1435
679012 1436
959123 1437
1305467 1438
881037 1439
1564524 1440
1562840 1441
3164468 1442
1566012 1443
1263996 1444
642276 1445
1514578 1446
1388777 1447
1391243 1448
973120 1449
881987 1450
350109 1451
1328656 1452
1347289 1453
1525292 1454
1299390 1455
1067078 1456
1288013 1457
1172626 1458
423334 1459
1572589 1460
1234931 1461
880196 1462
1045418 1463
920531 1464
1247542 1465
1371193 1466
943501 1467
211537 1468
1247771 1469
1244311 1470
1240889 1471
1271452 1472
1242832 1473
1471091 1474
1586118 1475
2695593 1476
1562189 1477
1584936 1478
1589551 1479
2287381 1480
3319848 1481
1750807 1482
2092783 1483
1691246 1484
1452968 1485
1574389 1486
1293050 1487
4452319 1488
1428420 1489
1057034 1490
794850 1491
1313532 1492
2016899 1493
1011996 1494
1516250 1495
1409913 1496
1016223 1497
1001940 1498
995664 1499
1247541 1500
1884378 1501
1012030 1502
1521386 1503
1330249 1504
1366018 1505
1486940 1506
1470863 1507
795314 1508
1129205 1509
1210303 1510
1084257 1511
1043960 1512
1918854 1513
835755 1514
3382881 1515
1103906 1516
3741477 1517
1207277 1518
1118602 1519
1465582 1520
1066703 1521
3748806 1522
1509497 1523
3871966 1524
349139 1525
1735576 1526
988677 1527
3300530 1528
492524 1529
3483200 1530
938186 1531
1129919 1532
842364 1533
1395684 1534
406447 1535
1075610 1536
1210149 1537
1022846 1538
1340234 1539
1052744 1540
1760746 1541
1116887 1542
883995 1543
1499157 1544
727006 1545
778100 1546
3618932 1547
2534841 1548
2094797 1549
1248166 1550
1505709 1551
460281 1552
307142 1553
172096 1554
1253124 1555
1070265 1556
718148 1557
1336444 1558
1159667 1559
1129165 1560
752316 1561
464922 1562
1215508 1563
300466 1564
1188935 1565
343782 1566
1094066 1567
814970 1568
730007 1569
1329383 1570
1377185 1571
1394535 1572
1409994 1573
843466 1574
841860 1575
958653 1576
762287 1577
2246025 1578
1410280 1579
1414475 1580
1081452 1581
852659 1582
2017326 1583
1232502 1584
1393703 1585
1986694 1586
1188400 1587
2914472 1588
4238034 1589
4561565 1590
1239280 1591
1062477 1592
2286738 1593
1469985 1594
910989 1595
1554462 1596
1235257 1597
1168630 1598
1117529 1599
503531 1600
3631658 1601
3881446 1602
1592857 1603
1098185 1604
868488 1605
3568052 1606
1177961 1607
815604 1608
1324373 1609
1394904 1610
1600570 1611
2969407 1612
1436993 1613
1335514 1614
890168 1615
894078 1616
1117321 1617
937242 1618
4192754 1619
1559654 1620
1333992 1621
1427154 1622
3800007 1623
3204506 1624
3874976 1625
1340053 1626
1120130 1627
841290 1628
1089422 1629
250330 1630
804607 1631
1433768 1632
1692359 1633
3290572 1634
2291979 1635
1920613 1636
1258414 1637
788002 1638
843364 1639
1046000 1640
986044 1641
1925355 1642
990321 1643
3509376 1644
1401387 1645
1258478 1646
3631735 1647
3712122 1648
3584002 1649
1584570 1650
1247868 1651
726846 1652
1129212 1653
1888337 1654
1498781 1655
1538794 1656
1225076 1657
1390602 1658
1173646 1659
1434216 1660
2743204 1661
1590644 1662
1062992 1663
1389484 1664
2352931 1665
1428121 1666
1491679 1667
3271871 1668
1531113 1669
1476060 1670
2969273 1671
1365816 1672
874432 1673
1469656 1674
1316126 1675
1125133 1676
876452 1677
1257358 1678
3399351 1679
3331863 1680
3718851 1681
3596942 1682
1504590 1683
2020434 1684
727258 1685
1032100 1686
875953 1687
828057 1688
730922 1689
1362148 1690
875608 1691
544959 1692
1097046 1693
1539744 1694
1105911 1695
1580060 1696
821836 1697
751247 1698
1590963 1699
1182574 1700
1414717 1701
1504468 1702
1374799 1703
1539391 1704
3684078 1705
1504276 1706
3402224 1707
1334165 1708
878654 1709
3742201 1710
580553 1711
3424980 1712
4077721 1713
3322254 1714
4720080 1715
4954475 1716
1253332 1717
4558139 1718
1159032 1719
1279529 1720
1279394 1721
828262 1722
1102515 1723
2518259 1724
1549561 1725
646933 1726
3212118 1727
857789 1728
860186 1729
2847658 1730
1210114 1731
2244033 1732
3567688 1733
3761412 1734
1507865 1735
2452080 1736
1481435 1737
1692281 1738
3570906 1739
1365509 1740
1967073 1741
1590176 1742
617479 1743
1687796 1744
1062892 1745
566859 1746
1475970 1747
2070119 1748
875516 1749
1097516 1750
1551259 1751
1544207 1752
1394751 1753
1559700 1754
886574 1755
828137 1756
2037426 1757
3372517 1758
1961280 1759
2174787 1760
1102342 1761
5415590 1762
1395495 1763
263611 1764
1360767 1765
1366866 1766
1330309 1767
1297283 1768
1564986 1769
399779 1770
4204525 1771
1602115 1772
1499063 1773
834768 1774
1021953 1775
977759 1776
2100196 1777
159030 1778
767988 1779
1097456 1780
867819 1781
714710 1782
1991374 1783
2243253 1784
1066529 1785
1020989 1786
1476671 1787
3934049 1788
3086078 1789
3741725 1790
713736 1791
3940065 1792
3327041 1793
3436411 1794
1461306 1795
1482202 1796
1205668 1797
1415891 1798
1959983 1799
763644 1800
3908503 1801
3071705 1802
1470071 1803
1592070 1804
1230204 1805
283207 1806
1452541 1807
1432338 1808
912719 1809
2383021 1810
1361638 1811
1299335 1812
1354047 1813
4515690 1814
1070938 1815
1438350 1816
2935812 1817
1521712 1818
2550076 1819
2533896 1820
2742159 1821
2792302 1822
1146632 1823
1234579 1824
2394145 1825
1329036 1826
2788174 1827
1811859 1828
1275173 1829
1538531 1830
4202684 1831
1383726 1832
1333149 1833
1453591 1834
2758823 1835
3869144 1836
1532653 1837
1066208 1838
1564399 1839
1487415 1840
1053046 1841
1321180 1842
3279250 1843
4859680 1844
1182949 1845
1256916 1846
4151496 1847
1499107 1848
1234504 1849
3742245 1850
1539139 1851
1363160 1852
3616532 1853
1460212 1854
1359142 1855
1514513 1856
1389660 1857
774531 1858
629361 1859
1146578 1860
3280636 1861
4103591 1862
1877628 1863
4239762 1864
3197808 1865
2900060 1866
4959464 1867
2854342 1868
3104634 1869
3454609 1870
3275197 1871
3371002 1872
2468220 1873
2964073 1874
1239038 1875
781284 1876
310037 1877
950075 1878
835111 1879
741232 1880
1024474 1881
678523 1882
902929 1883
1361381 1884
2868955 1885
1957558 1886
2699776 1887
775762 1888
1427949 1889
882910 1890
951095 1891
1378331 1892
524045 1893
744381 1894
312261 1895
460744 1896
878254 1897
877301 1898
412257 1899
277052 1900
835696 1901
1559719 1902
5028707 1903
4860139 1904
4934039 1905
5069585 1906
874567 1907
842053 1908
328716 1909
392688 1910
322162 1911
288208 1912
460392 1913
316600 1914
105218 1915
3498757 1916
2749572 1917
733801 1918
1377323 1919
873508 1920
1233909 1921
4450687 1922
874254 1923
3076639 1924
374796 1925
1106196 1926
1303898 1927
4903847 1928
1561102 1929
5025630 1930
1362597 1931
1586658 1932
2792702 1933
919035 1934
1519878 1935
1886481 1936
3091018 1937
1448122 1938
3441298 1939
1885312 1940
1177255 1941
802994 1942
2193652 1943
4129124 1944
2472432 1945
2158823 1946
646335 1947
1520786 1948
1514141 1949
1025530 1950
4848974 1951
718772 1952
1285207 1953
1311718 1954
1205950 1955
1861616 1956
1594728 1957
2160331 1958
1264918 1959
789844 1960
516978 1961
1509603 1962
4410290 1963
2245251 1964
727482 1965
4515020 1966
4626726 1967
1475124 1968
4103780 1969
4048339 1970
5184030 1971
1016574 1972
1389506 1973
2903226 1974
4247197 1975
4138217 1976
3710502 1977
1930116 1978
3703883 1979
4588258 1980
4981779 1981
3797819 1982
1206451 1983
1211207 1984
4981949 1985
1520002 1986
4262074 1987
4529736 1988
5012901 1989
609413 1990
1248976 1991
1587926 1992
3375225 1993
4473808 1994
2926174 1995
3703785 1996
3281140 1997
3621608 1998
2898761 1999
2248979 2000
2691979 2001
2284843 2002
1404452 2003
2306404 2004
1334214 2005
901482 2006
1687916 2007
1244406 2008
317634 2009
858508 2010
873522 2011
842338 2012
1234656 2013
1317146 2014
879402 2015
1377332 2016
4631656 2017
1210685 2018
2034141 2019
1103274 2020
4165043 2021
5180858 2022
3706574 2023
1531614 2024
4238448 2025
1164116 2026
1182068 2027
3938209 2028
4913797 2029
4715248 2030
2849086 2031
2852492 2032
931707 2033
3741187 2034
3107466 2035
1262932 2036
4581974 2037
902476 2038
1362873 2039
3486540 2040
3237540 2041
664623 2042
581018 2043
1154061 2044
1383684 2045
4732626 2046
4720060 2047
721225 2048
1075264 2049
1362912 2050
720385 2051
2180097 2052
894094 2053
788521 2054
1480716 2055
1264189 2056
1539488 2057
1226526 2058
2351669 2059
1543991 2060
3055343 2061
2523955 2062
1025514 2063
1582067 2064
876504 2065
796791 2066
498577 2067
1596079 2068
1316055 2069
193025 2070
1441399 2071
1274783 2072
1436671 2073
1422699 2074
1348820 2075
873422 2076
1183236 2077
331872 2078
1202456 2079
1601166 2080
1533013 2081
2850066 2082
2342457 2083
3949103 2084
3738579 2085
2389673 2086
3275218 2087
1571212 2088
1881775 2089
1549437 2090
2838149 2091
4926212 2092
4955083 2093
796700 2094
1176675 2095
1112142 2096
1068190 2097
794872 2098
1057788 2099
804087 2100
858559 2101
1538958 2102
1481694 2103
1520706 2104
1371055 2105
1371053 2106
1146608 2107
1170851 2108
4880465 2109
4857405 2110
3167070 2111
1257299 2112
1460589 2113
4205399 2114
1335013 2115
3206029 2116
2408470 2117
1341715 2118
1374794 2119
1334210 2120
1385269 2121
1514147 2122
3371861 2123
4130248 2124
4582073 2125
4102616 2126
3324840 2127
4099248 2128
1578750 2129
1326063 2130
1558443 2131
1564813 2132
1540113 2133
1404192 2134
1367565 2135
5379922 2136
4767636 2137
4668499 2138
4917111 2139
4023342 2140
4307591 2141
843121 2142
4016917 2143
767091 2144
1099289 2145
1016501 2146
909065 2147
604969 2148
751240 2149
737263 2150
3370204 2151
1168035 2152
1471357 2153
961918 2154
882002 2155
4163177 2156
2749235 2157
1249051 2158
1362812 2159
1276289 2160
728572 2161
4078791 2162
1443045 2163
2035092 2164
849583 2165
1390587 2166
1554438 2167
1546346 2168
1474824 2169
829186 2170
706477 2171
1071822 2172
1453230 2173
1106264 2174
1330646 2175
1069946 2176
741272 2177
5056664 2178
4605139 2179
1760633 2180
957732 2181
4030919 2182
1462219 2183
796604 2184
1465821 2185
1544418 2186
1519682 2187
1472520 2188
1460651 2189
1452602 2190
1452528 2191
1464763 2192
3050017 2193
3932443 2194
1551279 2195
1554182 2196
1510952 2197
1761951 2198
1399810 2199
3426592 2200
3445249 2201
1133746 2202
4262346 2203
3353344 2204
894642 2205
2968656 2206
4935959 2207
4515186 2208
2628942 2209
1584735 2210
1259115 2211
1871076 2212
1548957 2213
3344767 2214
159034 2215
3142700 2216
1417877 2217
1452031 2218
4593748 2219
1564170 2220
1466050 2221
5013485 2222
1505244 2223
1531396 2224
1464946 2225
2083386 2226
1506068 2227
1509135 2228
1539188 2229
2592862 2230
1886252 2231
1367194 2232
4582082 2233
2297080 2234
795115 2235
794924 2236
787740 2237
1544538 2238
843030 2239
2730810 2240
4876526 2241
1339678 2242
1531353 2243
3376383 2244
2472936 2245
2518199 2246
4064081 2247
1329866 2248
1384956 2249
157381 2250
1348258 2251
742466 2252
3888899 2253
4237940 2254
4084787 2255
1549541 2256
1187576 2257
1449070 2258
1469585 2259
1540134 2260
1441497 2261
3454334 2262
4420857 2263
3650548 2264
3684631 2265
3876560 2266
3827631 2267
575920 2268
1304828 2269
1008087 2270
829722 2271
829967 2272
877361 2273
317978 2274
877183 2275
876450 2276
875758 2277
823754 2278
843295 2279
843078 2280
823766 2281
843148 2282
823745 2283
823622 2284
843066 2285
978798 2286
455192 2287
888010 2288
841606 2289
834607 2290
834621 2291
1275340 2292
3044750 2293
770303 2294
3618708 2295
4660863 2296
2285326 2297
1600349 2298
3444673 2299
5286539 2300
1326019 2301
2159793 2302
3763804 2303
3208008 2304
2813154 2305
2843016 2306
1929892 2307
969482 2308
2833313 2309
2832435 2310
2411241 2311
4143326 2312
1405027 2313
1405050 2314
1505479 2315
3806294 2316
3451171 2317
4250440 2318
3094929 2319
1500456 2320
727025 2321
5281443 2322
5274627 2323
5311129 2324
1556804 2325
1555752 2326
1554377 2327
1561061 2328
3701614 2329
3668581 2330
3571248 2331
956625 2332
4430811 2333
2851442 2334
4151616 2335
1550032 2336
1287629 2337
1455188 2338
1504178 2339
3139121 2340
2746770 2341
1097145 2342
1509073 2343
1493859 2344
1552147 2345
1287790 2346
830868 2347
795212 2348
3095715 2349
3143983 2350
3072693 2351
2844436 2352
4968141 2353
1240800 2354
1668115 2355
2788757 2356
1276906 2357
1279643 2358
1277364 2359
4817596 2360
1522516 2361
1032451 2362
1032410 2363
1389547 2364
1320339 2365
1414112 2366
1311065 2367
1522593 2368
5334164 2369
4606264 2370
5351210 2371
5332250 2372
1361153 2373
1482209 2374
1596679 2375
1927713 2376
1442008 2377
1037246 2378
4158887 2379
1572617 2380
5398256 2381
4724451 2382
4028945 2383
5176330 2384
1214541 2385
1428560 2386
1205730 2387
3828177 2388
1370978 2389
1539777 2390
1480519 2391
1511275 2392
5181452 2393
3077073 2394
3200796 2395
3206748 2396
4055779 2397
2290879 2398
2182077 2399
4389193 2400
3722852 2401
4499447 2402
4850316 2403
1863925 2404
1832556 2405
1277025 2406
888641 2407
1291761 2408
4955916 2409
1292023 2410
1316800 2411
1287722 2412
1279454 2413
1287472 2414
1279360 2415
1305225 2416
1292026 2417
1335070 2418
3820177 2419
1174613 2420
4103786 2421
3811568 2422
1694414 2423
1465839 2424
1475077 2425
1476571 2426
1352144 2427
1205775 2428
1329670 2429
2966958 2430
1325471 2431
4609870 2432
1350319 2433
3340876 2434
2903666 2435
2897641 2436
4536652 2437
4563122 2438
1561357 2439
973322 2440
966885 2441
1432175 2442
2864278 2443
4446456 2444
3152653 2445
3214403 2446
3244210 2447
3429121 2448
3684251 2449
1928695 2450
3371065 2451
2590904 2452
4137155 2453
5037783 2454
4084444 2455
4899188 2456
1850892 2457
4498961 2458
3741511 2459
3574412 2460
3557008 2461
3075113 2462
1482491 2463
2747296 2464
2876236 2465
5084182 2466
1581676 2467
1584858 2468
1208080 2469
1177096 2470
4663178 2471
4677806 2472
4377881 2473
4187023 2474
5260372 2475
4389985 2476
4520474 2477
4559675 2478
3016909 2479
3509662 2480
3143815 2481
1438194 2482
4742850 2483
5078979 2484
3873824 2485
2302678 2486
2302790 2487
4856020 2488
4770903 2489
3562426 2490
1509558 2491
1499522 2492
3937513 2493
4077661 2494
4083874 2495
3937178 2496
5273847 2497
4775422 2498
5274167 2499
4237532 2500
2741840 2501
3474610 2502
3454794 2503
1586696 2504
1010135 2505
4987739 2506
4354675 2507
4745558 2508
4746052 2509
4104967 2510
1538907 2511
4585835 2512
4905055 2513
1460030 2514
1442910 2515
3208983 2516
3212514 2517
1239947 2518
4902697 2519
1568402 2520
1760572 2521
5396891 2522
5378322 2523
5409407 2524
2331389 2525
5185886 2526
3088852 2527
4596610 2528
4540202 2529
5112336 2530
3227071 2531
5256310 2532
4989137 2533
3632230 2534
5487005 2535
5318876 2536
5149554 2537
3290668 2538
5086956 2539
1497890 2540
5378862 2541
4844522 2542
4188115 2543
