38 13.7660322204 100.5693519115
1313 13.7574991833 100.56012895
15 13.81609195 100.56073129
18 13.7455599464 100.5400890112
1126 13.76687605 100.5686098833
1338 13.837208 100.5539911667
1201 13.8394803833 100.5504992
93 13.75646251 100.56614553
21 13.82828563 100.56758111
1355 13.8544799833 100.5445494833
27 13.7466594192 100.5349123478
1342 13.7605156333 100.5657078833
1320 13.7655424491 100.5695128441
289 13.7685620667 100.5719575
1349 13.7659384345 100.5694806576
846 13.7316693833 100.5417504833
160 13.72810635 100.5485665333
238 13.80853688 100.44475668
17 13.9037494 100.52847206
1158 13.76971518 100.54079174
426 13.74617063 100.5323314
396 13.76707267 100.53411543
1068 13.7458286 100.5330599
761 13.7391870713 100.5473899841
740 13.72995293 100.53588837
1064 13.72860875 100.53366345
601 13.7413964932 100.551981926
200 13.74517232 100.54175609
204 13.90545153 100.5209918
692 13.75926911 100.53723621
263 13.8494971674 100.5715513229
1764 13.77984839 100.54409742
1352 13.7615052 100.5676370333
789 13.74723815 100.54045337
558 13.74723815 100.54045337
551 13.8098573879 100.5685687065
31 13.7762025593 100.5737990141
105 13.7456589513 100.5296123028
22 13.745971598 100.5326914787
708 13.8052210203 100.5960935354
1806 13.76365506 100.54183602
387 13.76154291 100.53664684
176 13.73258221 100.58169108
246 13.74551129 100.54332089
675 13.82866829 100.56859433
134 13.7510603 100.53837394
787 13.744554263 100.5325520039
218 13.7649067869 100.5383241177
409 13.74651342 100.53488701
773 13.745617265 100.5354595184
1564 13.771534262 100.4921793938
382 13.76021504 100.53864371
98 13.6898969614 100.7483196259
124 13.6931908167 100.7520032167
1148 13.7660009584 100.5695128441
240 13.7514115834 100.5752849579
603 13.7399407833 100.5497055833
1877 13.71952325 100.51575273
739 13.8340796061 100.6108295918
725 13.7291662474 100.5351161957
599 13.7415423977 100.5520141125
237 13.69816428 100.53736317
664 13.69816428 100.53736317
29 13.7443875171 100.5332171917
2009 13.74670404 100.54031926
213 13.728978646 100.5349338055
299 13.8059086671 100.5740940571
1911 13.81003379 100.57877206
1433 13.78007757 100.54461795
1353 13.8167440468 100.5780637264
257 13.75857698 100.49850147
1330 13.76524102 100.49835312
1554 13.76260501 100.49601
1909 13.8319925 100.56483614
2078 13.6893467333 100.54266035
1900 13.8019911366 100.5763041973
611 13.81613409 100.56078255
205 13.76624399 100.56961536
1566 13.76624399 100.56961536
791 13.9154061112 100.6162261963
1451 13.83182483 100.62783479
720 13.83271035 100.6115081833
1202 13.8065858931 100.572270155
734 13.8243603833 100.5914501667
532 13.8114159167 100.6189048
311 13.811188373 100.6189164519
790 13.80867117 100.6185736
436 13.7267336667 100.5297007667
832 13.7894493333 100.5739837667
833 13.79177147 100.56376266
483 13.77984839 100.54409742
1915 13.734799431 100.560387969
178 13.7445596667 100.5416028167
1770 13.7849936833 100.6267703333
423 13.72936421 100.51295667
976 13.68044817 100.51509732
1899 13.77059665 100.5757488333
1432 13.7564554416 100.4918575287
1142 13.7428310667 100.5541574167
1429 13.75375819 100.58809304
1459 13.75375819 100.58809304
104 13.7323398152 100.530974865
195 13.7464926748 100.5409419537
6 13.7775467616 100.4759895802
2287 13.77722156 100.48000198
1914 13.7478266263 100.539675951
194 13.74132412 100.54065126
1630 13.7435225211 100.5405235291
1913 13.74726617 100.5382685
1896 13.74726617 100.5382685
783 13.7463676165 100.5396652222
717 13.7287128771 100.5810034275
1552 13.7591207 100.4965782
1562 13.78231018 100.49133032
1078 13.7458256962 100.5336785316
711 13.7289525902 100.5860567093
1083 13.75561308 100.47158598
774 13.7460132841 100.5339038372
788 13.7443770955 100.5337321758
1529 13.77350585 100.4076179833
732 13.7296915833 100.5364179167
1088 13.84132057 100.57317751
712 13.7263261545 100.5852842331
130 13.68556272 100.6111887
179 13.7442925667 100.5428381333
1079 13.7407053333 100.5554444667
138 13.75099033 100.5374543
109 13.75363535 100.5064299
189 13.7306305755 100.5674850941
101 13.7440860667 100.5403927333
197 13.73683118 100.56062155
220 13.7058248333 100.6006383667
219 13.7055896 100.600963
206 13.7832393 100.54645574
1021 13.6907382 100.75431829
1048 13.7412401669 100.5479264259
523 13.7385513375 100.5484092236
762 13.73922693 100.54769504
1050 13.7371860673 100.5467140675
757 13.7427892833 100.54877765
631 13.73034334 100.5698139
217 13.75805741 100.4987868
785 13.72514504 100.55918139
1746 13.81396192 100.55213457
129 13.68556272 100.6111887
2268 13.84400576 100.57280564
1711 13.66763079 100.63475203
1153 13.66927391 100.63482391
201 13.72435265 100.53186768
402 13.66927391 100.63482391
1073 13.72770422 100.53266042
272 13.7236475766 100.5294299126
704 13.7794432198 100.5734395981
559 13.7456667333 100.5338501833
216 13.7342887501 100.5823338032
1990 13.73452258 100.54657411
786 13.7930826775 100.4671597481
844 13.7284731637 100.5371654034
1147 13.7657612832 100.5693089962
128 13.68556272 100.6111887
1359 13.7658238072 100.5693840981
681 13.7201321 100.58491945
209 13.74092429 100.54978543
1362 13.7221595 100.58466601
980 13.71904755 100.51301575
1144 13.7718059667 100.50036295
1143 13.745021 100.5560269833
182 13.7305680421 100.5689120293
519 13.76735508 100.5683043
1321 13.77799767 100.54472798
583 13.7198919333 100.5653451833
1445 13.74612998 100.5327003
1069 13.74546098 100.53361129
177 13.7303804418 100.5697917938
569 13.7369241 100.57571035
1912 13.7384366968 100.5884492397
251 13.7582718333 100.4993390667
835 13.78355419 100.57463866
731 13.8286716833 100.6173933333
332 13.7104731142 100.3990584612
2042 13.7986028194 100.6594365835
1061 13.72800183 100.54485964
936 13.8342064619 100.6107866764
768 13.8339962652 100.6106901169
2043 13.82482475 100.62794846
1882 13.7669492363 100.6466317177
159 13.72840958 100.53383058
647 13.72494155 100.53395789
157 13.7300130667 100.5315218
841 13.73766034 100.54345506
95 13.82786464 100.56799554
623 13.82786464 100.56799554
76 13.99035035 100.6152952667
1067 13.72656065 100.5336886
158 13.7286294985 100.5321121216
1080 13.7298153167 100.51647095
495 13.663428838 100.4383099079
2171 13.80598425 100.5657792
750 13.7463426048 100.5321228504
391 13.72330129 100.56016433
1141 13.7385163 100.5580608167
1146 13.75322794 100.56599193
903 13.7391253333 100.5391912833
1791 13.743705 100.588773
1782 13.7707527299 100.5976223946
507 13.7325274139 100.5851233006
100 13.7286190762 100.5343544483
1952 13.7947706222 100.3249651194
175 13.73475211 100.57604557
227 13.7422919333 100.5515543167
1234 13.7219907833 100.4994858833
793 13.7325795246 100.5302560329
638 13.7218444699 100.5315220356
637 13.72269767 100.5307188
1726 13.68167525 100.60162234
643 13.7217715116 100.5311572552
59 13.7880708685 100.4828238487
385 13.76989567 100.57481187
812 13.80158191 100.5750336
737 13.7995843233 100.5749094486
1283 13.8597263633 100.519516468
826 13.78632062 100.52099275
161 13.7261573 100.5441643167
848 13.7274520667 100.54671155
847 13.7292807167 100.5363718
48 13.7711263 100.4839193333
920 13.732066 100.5301500833
562 13.91315406 100.55324721
1132 13.71768212 100.57204794
663 13.69591 100.537322
822 13.72750216 100.53146797
821 13.72750216 100.53146797
816 13.72750216 100.53146797
840 13.72750216 100.53146797
1316 13.7897692691 100.5721306801
229 13.7487836833 100.5633406833
1545 13.6703214 100.63576918
2321 13.743628 100.587074
814 13.80244052 100.56773906
1685 13.74938279 100.55081939
1319 13.76509982 100.57062637
324 13.8309648 100.61175203
984 13.72026795 100.51512414
1689 13.7410853167 100.4735168333
736 13.7993309667 100.57428915
462 13.75663292 100.56627327
1065 13.72742074 100.53193944
438 13.6624555333 100.44032645
1918 13.7238872949 100.51415205
466 13.7863433833 100.5466255667
973 13.744768 100.562685
823 13.7371548015 100.5612301826
845 13.7478612333 100.5629449833
13 13.7451804833 100.5010083167
815 13.7577476523 100.5649316311
468 13.78012096 100.54565042
605 13.81595402 100.56080067
1191 13.8049918042 100.58116436
111 13.6725298714 100.6063556671
958 13.8028668667 100.5529887833
765 13.724147858 100.578482151
741 13.7463884595 100.5293011665
2177 13.786114 100.6310901
1231 13.73666697 100.54500442
1224 13.7425707667 100.5522154667
300 13.76197004 100.56900721
1306 13.789821367 100.5706179142
2252 13.7479391 100.58059149
837 13.756944 100.572741
224 13.72321081 100.53419941
1894 13.71946537 100.50930714
1895 13.8036321 100.4220235
479 13.8137539491 100.5611014366
618 13.8136393453 100.5604255199
2149 13.714173295 100.5274450779
1698 13.7448555667 100.5846513333
28 13.74604189 100.53559023
420 13.7451118186 100.5332010984
1070 13.74541562 100.53356313
1077 13.74520945 100.5362710667
1561 13.777161216 100.4844868183
255 13.74592085 100.5314693333
543 13.7449932 100.52977401
1075 13.743622 100.53020232
235 13.7429565833 100.56794775
699 13.74437606 100.54183328
1203 13.86655867 100.58962911
196 13.73900496 100.55966991
447 13.7666887208 100.5707252026
477 13.76614677 100.56964927
223 13.73961067 100.51756858
1859 13.7602591058 100.4997861385
1072 13.72833 100.540488
918 13.7326524796 100.5301272869
938 13.73560118 100.53089964
1076 13.7318603956 100.5291616917
775 13.72809547 100.58554583
1291 13.7898526258 100.5718302727
10 13.79798775 100.54848623
700 13.6692460339 100.6258714199
435 13.73126137 100.58536946
1054 13.7276145167 100.5516864833
2144 13.7824129175 100.3641736507
1197 13.7517660333 100.5315856833
887 13.749561 100.5414388333
931 13.7479391 100.58059149
1779 13.769293863 100.5922043324
642 13.721925 100.531669
126 13.68617135 100.61045134
1156 13.6565423 100.6696128833
1250 13.8398766518 100.5558979511
991 13.7652173333 100.52593935
304 13.76724821 100.52705949
655 13.7236022667 100.5360563333
193 13.72409027 100.53792482
549 13.77656823 100.50789576
2215 13.7445804333 100.5860270167
215 13.7337887667 100.5817569667
1066 13.727274593 100.5336356163
1053 13.7264648667 100.5337873667
214 13.70559825 100.6013625
1122 13.7700966 100.5724834667
508 13.7481365 100.5826645
1888 13.7771344185 100.6020212173
1546 13.83425426 100.4978438
1074 13.72351402 100.54001694
1071 13.7258408667 100.5447603333
1778 13.74663055 100.5797065833
1876 13.7267222062 100.5144202709
565 13.745144 100.529895
1835 13.789859835 100.543855258
779 13.7247831 100.5782228333
843 13.7195641667 100.5850645833
797 13.7153059167 100.5912180333
747 13.7322355936 100.5844902992
116 13.6611468167 100.6023274833
406 13.65451002 100.59703582
405 13.63878381 100.59017032
639 13.7210875228 100.5291529853
1910 13.78426408 100.55916255
482 13.7837244 100.5800223833
1880 13.8031174833 100.6745288167
713 13.7307682 100.58531385
1436 13.75076073 100.53142261
2237 13.87493425 100.56270343
879 13.66006952 100.51767706
1638 13.8877346 100.5402982
842 13.7277563 100.5358082
568 13.7272537482 100.5387210846
2054 13.7862721667 100.54787955
211 13.7304273419 100.568665266
929 13.73246943 100.5319491
930 13.73345303 100.52962779
303 13.9618789599 100.6236612797
150 13.73020488 100.53401023
427 13.7282542947 100.5351161957
766 13.7290672356 100.5349767208
404 13.5905638167 100.3332679333
646 13.72536885 100.53345996
85 13.80483055 100.6173240833
1239 13.7931347747 100.3261613846
173 13.74855893 100.63876974
2098 13.7546838509 100.5869042873
2236 13.7206775 100.518621
2235 13.710371 100.496226
84 13.8042140007 100.6186884642
1356 13.8393508603 100.550994873
784 13.7818398209 100.545501709
207 13.78953963 100.5490691
834 13.71980744 100.50595158
1296 13.7581801244 100.5650013685
1052 13.7298384846 100.5329704285
1161 13.6908872431 100.5047214031
2094 13.6916064976 100.5052363873
1238 13.8005533031 100.5831170082
1468 13.78211051 100.55562943
1942 13.716523 100.513849
433 13.73898136 100.51222944
2100 13.711628 100.51188
881 13.7643958667 100.59899875
685 13.78573709 100.61306828
61 13.90381455 100.52788549
1631 13.705802 100.490831
416 13.765022 100.642898
328 13.8036080167 100.618074
1081 13.7312767529 100.5492568016
557 13.7407207489 100.5093562603
1568 13.7699235 100.57160723
782 13.8109262333 100.61893465
818 13.7556217536 100.4563450813
1256 13.7761042333 100.6100026833
796 13.7099208833 100.5103377167
2070 13.73743671 100.56079757
667 13.6985999333 100.5379196333
680 13.7503113333 100.6229155167
2348 13.80051075 100.57483095
1096 13.73584204 100.52980315
1310 13.78120642 100.57185608
952 13.77892 100.622751
1688 13.75767219 100.49918758
1756 13.81535977 100.53161042
506 13.72753471 100.51828837
143 13.757727 100.536254
68 13.88506191 100.57876193
2161 13.7911550714 100.5881273746
1057 13.72993326 100.53834551
1056 13.7344726 100.5404685054
1055 13.7251689333 100.5347115
163 13.74409605 100.4884218167
2170 13.78443425 100.58218228
1040 13.767199331 100.5703926086
457 13.8035748271 100.5538272858
156 13.802626133 100.5538219213
829 13.727358 100.532414
521 13.8974127333 100.5613488833
669 13.69744777 100.53759533
839 13.72170603 100.51659333
838 13.7216190667 100.5172692
162 13.727357972 100.533592701
2347 13.84198027 100.609196
1284 13.8467950833 100.60616175
30 13.725648696 100.5445253849
1189 13.7342779 100.56154739
781 13.8367115833 100.6032646667
1879 13.7271257333 100.5143853333
1134 13.7713395167 100.5408022167
898 13.74519336 100.52992296
2067 13.72328847 100.58486783
1160 13.690571 100.504521
648 13.72531193 100.53089231
641 13.721825 100.531884
544 13.7283793627 100.535030365
256 13.7553091198 100.6221485138
2289 13.77875608 100.47588086
1575 13.78667831 100.54731482
1577 13.78068137 100.54472118
1908 13.7117046118 100.5578613281
1063 13.723407858 100.5492997169
1062 13.72325634 100.54954165
5 13.7774738206 100.4759788513
2239 13.7777551644 100.4760110378
2279 13.7775446776 100.4759037495
2142 13.777505081 100.475935936
2282 13.7775571817 100.4759466648
2285 13.7770778547 100.4756891727
2280 13.7775467616 100.4759252071
937 13.7776301227 100.4760217667
2274 13.78018063 100.47793674
1138 13.7786304539 100.4780173302
1639 13.7811653 100.47841274
2291 13.7813552927 100.474857688
1574 13.8282623667 100.5442818833
1169 13.8131027903 100.5601519346
212 13.73519365 100.5427217833
1060 13.7272850154 100.5414140224
1059 13.7271703692 100.5405879021
1058 13.72693532 100.53928905
633 13.7210005667 100.5664543333
1309 13.7896145333 100.5636586833
2051 13.749077199 100.5479264259
1533 13.7763849128 100.4782855511
2281 13.7776405429 100.4759788513
2271 13.7775155012 100.4759466648
2283 13.7775155012 100.4759466648
33 13.7774529803 100.475935936
2278 13.7774842407 100.4759144783
2272 13.7776613831 100.4758393764
2284 13.7774425601 100.4758393764
2012 13.7762025593 100.480055809
2066 13.7742486 100.47781103
2290 13.7813552927 100.4748523235
2165 13.78995235 100.57584485
377 13.7302762194 100.5364143848
1135 13.77175205 100.48288798
1728 13.71316 100.577701
1514 13.7484623349 100.5351483822
659 13.6953165 100.54106
2010 13.7443458307 100.5385172367
2101 13.757849 100.462857
1246 13.72182565 100.52463859
801 13.74016159 100.62550801
1222 13.7331110534 100.5662512779
210 13.7344039778 100.5826226889
724 13.7291249 100.53537917
1781 13.76470595 100.59852725
1095 13.7324474833 100.5295842
137 13.750474 100.537332
87 13.693441108 100.6478977203
662 13.69998085 100.53657162
323 13.8307042739 100.5918395519
1418 13.74309659 100.60152405
1673 13.9109346667 100.6196710667
563 13.7013005837 100.541446209
465 13.85608822 100.5385003
108 13.72400492 100.5338276
24 13.826125 100.679173
99 13.7288692 100.5303419
919 13.8269069667 100.6639373302
1687 13.78980046 100.51433205
1145 13.76566439 100.57021021
1898 13.7431138167 100.55120465
2273 13.7772549974 100.4757964611
566 13.7496785333 100.5307594
1897 13.73817139 100.55311673
653 13.7223551778 100.5339038372
113 13.67191243 100.6097511
166 13.7512401667 100.4916939333
186 13.74606305 100.55248755
1450 13.80804705 100.55544084
940 13.8109096742 100.6500542164
107 13.73170429 100.56710016
871 13.7353934868 100.5615627766
1394 13.8322835 100.6158512167
694 13.7370622158 100.5243980885
181 13.7337895 100.5811838167
1417 13.73357205 100.5823097333
726 13.7344346591 100.5822265148
1413 13.71781105 100.7771079333
1414 13.74712336 100.60910582
368 13.75777971 100.5653578
2288 13.77906936 100.47595405
780 13.7356800922 100.5829828978
755 13.73474335 100.5828102
422 13.7802135944 100.5452281237
939 13.8010062333 100.6140055333
763 13.8018765271 100.6137907505
96 13.69226795 100.7475176667
190 13.7443770955 100.5568742752
836 13.7491501489 100.5311572552
122 13.695963674 100.751709938
719 13.83411815 100.6090696167
2053 13.69020682 100.50474846
1315 13.6474047442 100.4192018509
778 13.74127012 100.55455434
777 13.741516 100.552835
1419 13.74323612 100.60077077
776 13.74508755 100.54458455
90 13.74486923 100.54481291
1893 13.76389741 100.53729444
417 13.7450828167 100.6104481667
1196 13.75170713 100.52700084
192 13.7366545478 100.5617451668
859 13.74119502 100.55550408
295 13.85884845 100.56854075
2038 13.8213408167 100.5644598833
1883 13.727862 100.5160079667
191 13.7303700196 100.5654251575
654 13.72352141 100.53795784
155 13.8028164833 100.5530145333
72 13.81927605 100.5917109167
627 13.7299218627 100.5683326721
36 13.7778697858 100.476129055
1255 13.7694579363 100.6067633629
505 13.7297896 100.4517299333
742 13.7948625 100.55125337
1304 13.7769787167 100.5429630833
536 13.80336588 100.55388742
950 13.7531954 100.57084399
560 13.747752 100.568982
1051 13.8266 100.652174
1464 13.8544439 100.51876935
933 13.8187131146 100.655348897
899 13.8180984339 100.6552147865
1428 13.75058549 100.57920742
1209 13.7437613 100.58679997
706 13.7461487642 100.5341935158
772 13.74605542 100.53442817
771 13.7460132841 100.5325198174
188 13.73046159 100.51709908
910 13.8189266898 100.6543135643
900 13.7191971091 100.5244624615
309 13.7501922873 100.6076645851
668 13.69793576 100.537427
2033 13.76555585 100.56981581
770 13.7286816101 100.5812823772
825 13.8841308625 100.4368185997
624 13.82716184 100.56765508
949 13.7480767414 100.5832833052
1123 13.77476048 100.57266086
948 13.7599152154 100.5937385559
480 13.8184813167 100.5881118167
769 13.7441269765 100.5336141586
1467 13.9691591263 100.6193697453
413 13.8044083441 100.6180071831
248 13.7327361667 100.55837985
584 13.72062502 100.5696201324
307 13.8253176212 100.6596779823
1311 13.78966297 100.56338162
828 13.77824765 100.57060801
1308 13.7812972 100.5760788833
1878 13.7282230277 100.5168879032
1318 13.7522869715 100.609960556
657 13.7183779478 100.5322998762
540 13.7213546062 100.5300199986
640 13.72231811 100.53060936
81 13.8170357616 100.5614340305
1137 13.7637374333 100.53807525
1891 13.71383869 100.40795975
1249 13.7134541095 100.4800128937
1082 13.7266387167 100.5236135833
922 13.8109305115 100.6497913599
666 13.69812804 100.53775966
969 13.72230887 100.5792337
2332 13.8034680857 100.5938448143
2150 13.7531623564 100.6115376949
305 13.7530789866 100.6108725071
1800 13.7530008273 100.6107866764
120 13.7523078141 100.6099069118
1278 13.7281574167 100.5704300333
247 13.7205416386 100.5694055557
198 13.7372590209 100.516834259
306 13.84680461 100.56239008
874 13.7357686792 100.6415140629
1961 13.75312483 100.57469272
1749 13.76049286 100.52724152
2276 13.7790993577 100.4772233963
2181 13.77865248 100.47675371
2155 13.77800476 100.47681319
32 13.7778176851 100.4761075974
2065 13.7785991936 100.4779314995
2275 13.7785991936 100.4779314995
1007 13.7787033946 100.4779422283
35 13.7776301227 100.476129055
34 13.7773904594 100.4760754108
2277 13.7775676019 100.4757320881
1259 13.7785887735 100.478092432
767 13.8338031333 100.6110051833
1576 13.74642467 100.54039347
672 13.651616778 100.4208004475
1437 13.77845255 100.6066960167
1301 13.8167662 100.6222654833
2154 13.77526783 100.52122002
609 13.81784564 100.56112253
2441 13.7283946 100.7754106
464 13.76386827 100.53731262
626 13.7296717282 100.5683755875
819 13.7552882775 100.4526758194
861 13.76558214 100.56991356
1380 13.69401329 100.64820194
1427 13.6941395071 100.6481659412
1421 13.69481694 100.64901077
475 13.76614677 100.56964927
851 13.78537732 100.3962242
2308 13.6528053086 100.4171848297
1600 13.870135 100.55459916
947 13.7372173332 100.5303740501
1907 13.7345909899 100.5331474543
2440 13.7314305 100.7816273
759 13.73940593 100.5465316772
946 13.7491814131 100.5307066441
925 13.740734711 100.5344349146
1426 13.73799693 100.5588718
1776 13.648529 100.45232
1371 13.71800529 100.51258283
857 13.71904355 100.52248632
703 13.81313759 100.56793522
1272 13.742212 100.551615
722 13.812366 100.620059
1965 13.7349557616 100.4950761795
1677 13.7801413627 100.4704964161
1543 13.6886252252 100.507671833
2286 13.7894088 100.47390216
1411 13.7877352167 100.47051355
1616 13.78511267 100.54879856
83 13.81622743 100.56035566
813 13.7541940558 100.5011594296
1285 13.737048 100.571543
1615 13.83332192 100.62438857
1288 13.8121494906 100.5622172356
1641 13.74036443 100.55552071
651 13.7231785617 100.5338394642
494 13.6649092133 100.4363465309
1643 13.74036443 100.55552071
419 13.8241423 100.5621596833
932 13.7392287587 100.5334532261
1499 13.8780169588 100.5728709698
362 13.9155519067 100.5999398232
573 13.72010141 100.53074014
1312 13.7876074 100.5746948
869 13.7361914167 100.6343727667
764 13.6651618 100.6503119667
77 13.98856812 100.61792612
114 13.67098895 100.6105172667
334 13.8232013333 100.4354042167
509 13.7317249072 100.5841362476
1211 13.731599841 100.5845117569
1277 13.7430479 100.55164735
597 13.7416779 100.5517244
602 13.74092 100.552483
604 13.74379365 100.5474939
221 13.7591544864 100.4978334904
2270 13.75796079 100.49882811
1553 13.76290768 100.49795234
347 13.83004266 100.53277093
54 13.9040801667 100.528308
600 13.74128162 100.55036926
615 13.90371626 100.52812165
118 13.7213248667 100.5140671
679 13.7532668 100.6275623667
632 13.73010277 100.56901228
901 13.7685582 100.64179617
8 13.90414708 100.52828502
199 13.7434094 100.5095806167
1010 13.7210567 100.7275887333
69 13.885526518 100.5805313587
1494 13.8831205692 100.5817222595
1502 13.88535356 100.5812993
270 13.88535356 100.5812993
1282 13.84506988 100.60832512
676 13.8252913 100.5588056833
1497 13.8831414001 100.581754446
831 13.72742974 100.53272932
897 13.761242 100.639644
2146 13.82047474 100.56164717
945 13.76721364 100.6426028
598 13.7416779 100.5517244
586 13.7323609667 100.5304151
1901 13.7324023481 100.5311143398
581 13.8232637 100.55897891
1300 13.7410108881 100.5614233017
658 13.7039616 100.53949305
760 13.7387292167 100.54784
758 13.7395732333 100.5468652833
1274 13.7425968 100.55336725
1786 13.712354 100.634
1775 13.73846745 100.5035981667
1140 13.7262213167 100.5800533667
824 13.7587063846 100.4851412773
172 13.7656141833 100.5698023167
1491 13.7556842803 100.4868149757
1881 13.77541905 100.6698351833
2063 13.766303 100.567775
1950 13.766303 100.567775
39 13.80301982 100.53872901
830 13.7786877644 100.5601519346
595 13.82706367 100.56760382
292 13.82706367 100.56760382
716 13.8120031357 100.6202173233
674 13.9115838167 100.54029205
673 13.9093632333 100.53805155
489 13.7804013491 100.5742764473
2294 13.8008567 100.52041006
625 13.82782566 100.56792849
622 13.8282799667 100.5667334333
287 13.82782566 100.56792849
944 13.82910871 100.67566996
63 13.7697002625 100.4956662655
1270 13.7193117592 100.511931181
943 13.80867117 100.6185736
442 13.82955294 100.56657034
1139 13.7797101333 100.4235811333
1425 13.7416262 100.57011771
1686 13.75434422 100.57325696
2363 13.756187 100.62876765
2362 13.7561795833 100.6287893667
1331 13.725023348 100.5792653561
614 13.9123652136 100.5464887619
97 13.6932326303 100.7510447502
1947 13.7252734874 100.5688476563
358 13.9141460181 100.5477547646
982 13.7394267737 100.4976296425
1091 13.7464006333 100.6315016167
665 13.69793576 100.537427
1512 13.8946996667 100.55879565
1463 13.74386352 100.57493346
1435 13.71771609 100.58799737
1025 13.74153351 100.57255607
1640 13.74029976 100.55560755
967 13.74669682 100.58013004
454 13.7625324726 100.5367577076
1538 13.6856491271 100.6304043531
671 13.6971519808 100.5366075039
670 13.6976931 100.53770732
661 13.6976931 100.53770732
500 13.72305774 100.46429234
660 13.6976931 100.53770732
1841 13.77875256 100.53593587
656 13.7228346169 100.5360174179
652 13.7245856034 100.5380666256
526 13.7207605148 100.5280995369
650 13.7207865714 100.527665019
649 13.7204061437 100.5271446705
645 13.72520166 100.52862751
644 13.72520166 100.52862751
636 13.7230815167 100.5294554667
635 13.7208814177 100.5259859562
1192 13.8192027744 100.5933523178
1490 13.7325053 100.5846484667
634 13.7188427357 100.5688476563
585 13.72049715 100.5688571
630 13.7302136859 100.5685472488
629 13.7299635517 100.5686759949
628 13.7297342619 100.5689764023
723 13.7992821675 100.6128573418
522 13.7986917167 100.5539933167
697 13.7729126215 100.5990600586
2099 13.692338 100.540481
222 13.7602066833 100.4970287333
443 13.82706367 100.56760382
621 13.82706367 100.56760382
620 13.82706367 100.56760382
619 13.8280119333 100.5670271833
60 13.81807506 100.5603978
613 13.8262237667 100.5583119
617 13.8306566 100.5437705667
616 13.8306700667 100.5390907167
1107 13.78139394 100.57547187
1592 13.8247098167 100.5507017167
485 13.74858808 100.58116877
1663 13.757399 100.536154
147 13.7571147833 100.5339936667
265 13.9037918333 100.5284934167
233 13.91231655 100.5482855167
1785 13.794787 100.609425
1521 13.7882173 100.54172515
1206 13.7614189833 100.5083212667
1351 13.78089845 100.5449438
2147 13.78517907 100.54560405
1838 13.79913616 100.55047792
993 13.8008598167 100.5488964667
258 13.817506 100.5613606
610 13.816641 100.560978
470 13.794151 100.564427
2097 13.691571 100.5054607333
42 13.846821 100.562538
612 13.8255117 100.5583822333
2176 13.705834 100.602513
291 13.81643718 100.56085544
608 13.81643718 100.56085544
607 13.81643718 100.56085544
606 13.81643718 100.56085544
269 13.88570201 100.58136856
1273 13.71611797 100.5864852
1815 13.7598943736 100.56853652
2172 13.72321 100.544587
1103 13.823942 100.590577
1569 13.76350075 100.5653377
67 13.88570201 100.58136856
1498 13.88535356 100.5812993
1350 13.7655841318 100.5694913864
1745 13.85595273 100.54208737
1251 13.8535388994 100.5438816547
313 13.73671185 100.58257627
811 13.7439298 100.63167887
756 13.75144898 100.48262619
820 13.7356881333 100.56289715
1581 13.75359493 100.53753381
596 13.9033348 100.5281945
1155 13.732441 100.58433175
968 13.76574879 100.56968301
62 13.9019304333 100.5350152167
80 13.90369051 100.52781224
1420 13.74435937 100.54156666
445 13.7323606595 100.5674421787
1511 13.79655236 100.54546856
51 13.76625955 100.5140340833
1314 13.66324126 100.43944847
1629 13.771261 100.41783
1124 13.7672522 100.57040613
202 13.73780985 100.5139342
1178 13.6630493402 100.713558197
1325 13.64438164 100.49980014
1692 13.78127104 100.35904568
1360 13.76640188 100.56961512
389 13.7660904333 100.5696545333
1567 13.7656886 100.57282915
524 13.7203436076 100.5282604694
942 13.753329096 100.5307602882
971 13.7943434275 100.3253781796
590 13.8429184333 100.4939099667
2184 13.7179880682 100.5215442181
336 13.6202144623 100.6210327148
2342 13.61178547 100.63037246
1780 13.7647694349 100.5990976095
1750 13.7716934 100.6137911
345 13.7724440833 100.5734679667
964 13.7377226833 100.5594918833
1341 13.7810374833 100.5450081825
914 13.73978193 100.53118482
1693 13.6378175 100.58783745
923 13.74189811 100.53220236
1449 13.66224569 100.65051007
1723 13.6536948 100.64737284
276 13.87248015 100.60154944
1691 13.7136625693 100.4802381992
2145 13.82737058 100.56522905
1193 13.7407794833 100.5240616833
1516 13.766092 100.570291
721 13.8344963104 100.6181037426
1130 13.7709277868 100.5725705624
1926 13.7272954378 100.5406415462
827 13.7264344 100.52801328
2174 13.723487 100.551788
2096 13.6915665 100.5054777
684 13.8052654266 100.5746841431
1542 13.6548695843 100.6462240219
23 13.82548403 100.67871648
1617 13.81988513 100.57595556
1422 13.7219590833 100.7564526167
1599 13.7468203333 100.5800112833
1396 13.8073943333 100.5624455333
1336 13.6833453616 100.4929250479
1168 13.8152333751 100.5897367001
1221 13.75168305 100.57522273
152 13.7306683667 100.5129184667
1519 13.7650130167 100.5988107
369 13.833643198 100.5000543594
1627 13.8348400909 100.5730104446
1186 13.66815859 100.63515681
1556 13.7602957333 100.49571235
253 13.75975638 100.49452042
1187 13.7591877833 100.4970086667
1653 13.85691159 100.54326069
547 13.78668534 100.50258129
754 13.8290046167 100.6315576
252 13.7593591833 100.49623245
753 13.835298464 100.5734503269
912 13.797031 100.61396
47 13.66891109 100.63404977
1406 13.7042475 100.7546065
1415 13.7227392167 100.7802486333
864 13.8045787811 100.6176424026
941 13.6905148167 100.7463271833
1240 13.77837979 100.47786861
691 13.7386347125 100.5545568466
690 13.7388535718 100.5545890331
1532 13.7566430211 100.5018246174
896 13.901071433 100.50872125
1136 13.73765999 100.51703697
430 13.78390532 100.53353428
678 13.87418448 100.49713885
1205 13.75558704 100.53312528
341 13.82389897 100.52818244
1129 13.76833873 100.57193303
752 13.8076069378 100.6945574284
375 13.7581436509 100.5348694324
1402 13.83395105 100.61055648
1424 13.65352555 100.6789987333
407 13.78089845 100.5449438
1557 13.81379503 100.51374548
1281 13.8544909 100.5501966667
290 13.88591182 100.5813862
1105 13.74527883 100.53590369
911 13.811295164 100.6502687931
1372 13.7452766167 100.5315694333
2152 13.76632165 100.48893022
1236 13.7214779833 100.4942404
282 13.8251326333 100.5669136167
594 13.82787841 100.56740754
593 13.82787841 100.56740754
592 13.82787841 100.56740754
591 13.8278710833 100.5673885333
1106 13.74558609 100.53336048
531 13.74408529 100.5446219444
1598 13.8095837831 100.557641387
1289 13.74558609 100.53336048
1167 13.71147555 100.586405
1560 13.771683 100.503269
2108 13.8049747 100.32023605
302 13.7635253 100.56813114
1416 13.74697196 100.53447324
1525 13.74605852 100.5328418
1659 13.77136969 100.5412659
1093 13.7566274 100.53399325
2095 13.6983633041 100.5320852995
743 13.8078679833 100.5585574333
1607 13.7555161667 100.6276213333
580 13.7448460679 100.54484725
567 13.7246064484 100.5239260197
250 13.744017183 100.4943567
589 13.731637 100.532422
588 13.73140448 100.5327357
587 13.7331274167 100.5297114167
167 13.746614 100.4917517
429 13.752647217 100.485892183
141 13.749993 100.539545
2027 13.72782891 100.53181165
320 13.710261567 100.757696617
1151 13.7560281769 100.5038416386
1700 13.84962085 100.53140395
751 13.831605409 100.615067482
1845 13.751384983 100.5012582
149 13.7444412667 100.5322246833
2077 13.823542117 100.5845964
2257 13.82941454 100.54964995
1036 13.7467844774 100.5300307274
1298 13.736217 100.583414
1618 13.7770748333 100.6075037333
1565 13.76599681 100.56972581
1029 13.76599681 100.56972581
187 13.74177755 100.53990385
698 13.656898233 100.70085615
539 13.7211011 100.530293167
749 13.74543106 100.53048056
1774 13.6879841425 100.4925602674
748 13.7441999279 100.5325734615
1587 13.825995395 100.678989887
954 13.82564133 100.67885732
1177 13.7700372934 100.5040508509
1559 13.76772612 100.49589198
254 13.7640506029 100.4955911636
1860 13.765403 100.507559
1823 13.765403 100.507559
1676 13.7639272213 100.4948025942
1509 13.762895582 100.5066525936
1176 13.761207407 100.4979944229
1125 13.771813533 100.5720001
702 13.7259822143 100.5762076378
400 13.75008314 100.53135353
361 13.91207641 100.59927356
582 13.91207641 100.59927356
1279 13.7349608833 100.5305463167
1280 13.7258344889 100.5447560549
1652 13.7489000349 100.5482053757
1797 13.72645974 100.52815139
2387 13.72645974 100.52815139
2428 13.6901466 100.489509517
106 13.7280458479 100.5313074589
1955 13.73173439 100.56732594
527 13.81124667 100.619017278
2015 13.7234182805 100.5210185051
2076 13.7233036324 100.5160403252
1925 13.7248828333 100.5254021333
1166 13.8032484055 100.5729675293
695 13.74433273 100.53670191
746 13.7197566 100.58674335
1518 13.763950417 100.5380582
1731 13.71969365 100.55651675
1537 13.74315077 100.54052948
1510 13.7478767 100.53503662
554 13.812904 100.57548773
2018 13.63296556 100.589078
340 13.770373675 100.573420925
1190 13.743824749 100.5325627327
504 13.723115433 100.535237633
745 13.74267953 100.55075961
927 13.73305571 100.53030061
744 13.74233222 100.54481631
2006 13.7272120587 100.5405771732
2026 13.7274706364 100.5405879021
1563 13.771785 100.490785
1269 13.7447530833 100.5407315833
2020 13.6707198 100.63477641
2107 13.76419 100.5095885
503 13.74971805 100.53058695
502 13.749561383 100.530235383
490 13.7723842667 100.5866527667
1163 13.783184117 100.542751017
1131 13.696805817 100.545891067
1317 13.7462112935 100.5333352089
530 13.7449919703 100.5447292328
579 13.74449318 100.54499554
578 13.74449318 100.54499554
577 13.74449318 100.54499554
576 13.74449318 100.54499554
710 13.8941918929 100.5588161945
1295 13.75088316 100.53161746
575 13.74447143 100.54549187
1423 13.7472013375 100.5342900753
1805 13.92533171 100.59599363
574 13.724370217 100.522163183
501 13.7458526 100.531946317
883 13.7789583206 100.6222933531
491 13.7573724951 100.5648243427
1461 13.844701 100.511153
1597 13.7458048531 100.5352020264
1395 13.8046583986 100.5609458685
572 13.78312814 100.56090515
1456 13.7293803692 100.7792025805
92 13.74130111 100.62634235
1357 13.7369664 100.5239792167
2470 13.74187552 100.5517835
1267 13.77939164 100.51339113
1591 13.8176730667 100.5572834333
1584 13.91205787 100.59965795
696 13.7149405167 100.5466504333
2518 13.7448432 100.6009392
1412 13.77961403 100.40329372
2354 13.6797376 100.6232054
1471 13.87959325 100.48721385
2469 13.737168555 100.569661351
571 13.7270745 100.53902565
1473 13.74592417 100.5381695
1165 13.69286054 100.74882847
318 13.69480621 100.75662511
687 13.74592417 100.5381695
1470 13.784115967 100.593224883
2008 13.78086733 100.57604032
1364 13.735487285 100.5629038811
1500 13.87797927 100.57346624
1465 13.96293026 100.58645784
1469 13.74592417 100.5381695
1651 13.96469825 100.59007704
1550 13.819787 100.511726
1361 13.77947448 100.5368328094
2158 13.77246928 100.57718038
145 13.6951401947 100.7515704632
472 13.7496947 100.599168467
570 13.81759792 100.55618292
934 13.745729917 100.53289935
689 13.74592417 100.5381695
1717 13.76469367 100.53809338
471 13.7533544167 100.5745885
1527 13.7506076667 100.53133505
1104 13.7383116341 100.5323910713
1582 13.7644274339 100.5362695456
1846 13.7262636199 100.5420041084
1678 13.989835 100.646988
1366 13.760173333 100.499028683
1637 13.73777043 100.58861941
1307 13.75664385 100.5649270167
1127 13.7699101 100.572205117
297 13.7308911311 100.5594921112
45 13.71363013 100.40827125
1343 13.76588475 100.56975317
169 13.7226470104 100.5197095871
2056 13.810611283 100.618363483
537 13.81231585 100.534346
1219 13.76625257 100.56975483
924 13.7370193162 100.5330455303
488 13.76588475 100.56975317
1198 13.73088097 100.56852976
1605 13.7313999833 100.6510415667
876 13.7349453396 100.6450867653
2058 13.732020239 100.575951282
315 13.743973717 100.587967117
1430 13.70455157 100.60147738
46 13.687516783 100.647658217
1472 13.8630982 100.50162678
541 13.797182 100.569823
546 13.80376595 100.51057791
1128 13.7684138 100.5706789
146 13.75674963 100.5344778299
2072 13.833443967 100.545528967
1829 13.74458658 100.53254109
244 13.68451845 100.51948455
1960 13.7320411205 100.5937224627
718 13.809049267 100.612223933
935 13.725023348 100.5484414101
2160 13.779104 100.583729
2357 13.77798595 100.413199383
2406 13.9641799713 100.6558799744
2359 13.77509385 100.414085867
2415 13.8067109 100.559045
1721 13.8067309667 100.5591479
1045 13.73501783 100.54245853
2413 13.8067309667 100.5591479
1379 13.7539450667 100.5321485667
1720 13.8073985617 100.5579578876
2358 13.782324017 100.4137112
132 13.68594035 100.6033186833
1953 13.764159117 100.540409067
376 13.7226470104 100.5511128902
1226 13.735287533 100.54441375
2414 13.988458926 100.6388318539
2337 13.7877165994 100.5492353439
2412 13.797573417 100.5558443069
2346 13.8629382849 100.5564987659
1457 13.7212479 100.777866833
1164 13.80112965 100.549611133
301 13.7617678 100.56891566
481 13.762598867 100.568117733
1536 13.73283773 100.56416583
1657 13.81276405 100.548234167
1150 13.75265985 100.50466145
1824 13.751873374 100.5012184381
2408 13.9706351748 100.6464385986
451 13.765143 100.539911
2410 13.9224979124 100.5375409126
985 13.6752032333 100.5121543667
1120 13.8697296381 100.5569708347
1535 13.7366128599 100.5614769459
1232 13.732396 100.545627
1383 13.66680413 100.64166426
1376 13.760692833 100.49840495
1812 13.84318235 100.568616583
1455 13.72999005 100.5855397
1276 13.77990084 100.544622
1373 13.68455559 100.61996895
476 13.77963811 100.580765
2416 13.9094853401 100.5385118723
1438 13.827372733 100.568156117
293 13.8280681833 100.5663633333
2367 13.989790678 100.5825054646
242 13.6975215 100.54162353
208 13.73971331 100.56352716
1233 13.70943772 100.4212774
1954 13.75893085 100.514603367
294 13.90385848 100.52809804
714 13.75615572 100.48992878
260 13.8702070713 100.5795121193
1492 13.877907417 100.573136767
298 13.7308926 100.56011444
2069 13.624781417 100.74579315
344 13.775428367 100.572847983
1675 13.78062814 100.51032984
2417 13.923744 100.5365752667
65 13.881047892 100.5785143375
2365 13.687959 100.753366
261 13.8749964018 100.5785572529
1358 13.74712039 100.53550594
1722 13.8087113281 100.5580866337
66 13.8868707 100.582029767
1609 13.73197972 100.55934357
808 13.74083566 100.63834649
285 13.8719341417 100.6016778946
1118 13.86681109 100.5604639
1335 13.7162443 100.5566065
913 13.73383283 100.53073882
872 13.7304846642 100.6419324875
2431 13.72354108 100.53766262
1044 13.7353726428 100.5831921101
2301 13.806955 100.648602
2130 13.74369049 100.54089814
863 13.73334034 100.5605435371
1154 13.7782233 100.584544883
1452 13.66615384 100.64602458
893 13.8382466154 100.5360603333
273 13.7574923371 100.5377930403
1826 13.76147925 100.51146614
1410 13.705326 100.528578
1375 13.73537665 100.56101948
2429 13.7236264167 100.5383051167
487 13.76656895 100.56923085
2248 13.733170817 100.4348395
1333 13.7466802622 100.5398797989
78 13.988488217 100.618351433
1504 13.74116486 100.55547302
1767 13.9463959917 100.6437134743
2175 13.7242103931 100.5498898029
239 13.74116486 100.55547302
1508 13.7475848833 100.5477700667
1708 13.7080186 100.59323298
2120 13.9222629 100.719603933
1621 13.7085239814 100.7582330704
2115 13.7075305 100.767476
1614 13.84060955 100.55115282
1558 13.8286932 100.5692261
228 13.674400853 100.53475298
2242 13.8155017 100.59910195
499 13.73557168 100.53573518
1539 13.6778621005 100.6336390972
2205 13.7517502756 100.5332386494
1020 13.7640939704 100.5065345764
928 13.7459464 100.53233349
2118 13.81123085 100.62249925
474 13.82887727 100.5293585
2211 13.730663 100.586111
392 13.7692261296 100.511931181
1434 13.7688685 100.55018204
283 13.8752359646 100.5775433779
1453 13.60826735 100.73101775
278 13.74561255 100.5087971
1297 13.759672 100.565635
70 13.8193056833 100.5917825667
555 13.74548846 100.53261393
2202 13.6854771273 100.6635189056
2250 13.73840284 100.44198298
2251 13.732748883 100.43461545
983 13.68029885 100.5162509167
2075 13.81475836 100.58907908
1487 13.984591 100.617288
2427 13.8393411 100.54931735
4 13.7571432321 100.5658006668
280 13.8635439671 100.5759501457
1024 13.7410210133 100.6012438867
909 13.7383637436 100.5316615105
2418 13.7141211802 100.7498216629
962 13.768231683 100.6036412
1927 13.727526567 100.541023733
286 13.827829075 100.5678003
1813 13.70044183 100.64127278
52 13.7635416704 100.5120921135
119 13.7300562859 100.539021492
2269 13.6519712527 100.6434881687
64 13.876623 100.576224
414 13.7301146745 100.5916249752
1026 13.688641617 100.745907617
486 13.766023632 100.569861367
1855 13.8488886 100.6074366
1765 13.91144215 100.598728217
2373 13.90703028 100.55062699
151 13.732393233 100.531683933
1884 13.723856361 100.513561173
792 13.7226139 100.5597481167
1811 13.91205787 100.59965795
89 13.76716864 100.64236724
1271 13.71276199 100.41460582
245 13.74409312 100.527327
441 13.740388155 100.5241727829
2159 13.781309 100.64678
2050 13.739481 100.523199
1852 13.8490491 100.6074302
1740 13.856122433 100.541248767
1672 13.9521332451 100.6211614609
1505 13.76321876 100.52860283
1183 13.63143545 100.71063476
1184 13.63137799 100.71055233
281 13.880578 100.598768
1766 13.91782343 100.5957477
1983 13.72357696 100.52076536
2232 13.6688967977 100.6346422434
2135 13.77959287 100.57383185
415 13.752168417 100.658433433
2389 13.84780704 100.66247016
2106 13.7493789196 100.4996305704
2105 13.7493735552 100.4996305704
418 13.7262951 100.535871917
1444 13.630744917 100.710562883
1466 13.7405605 100.5464925
262 13.8751745224 100.5777525902
2005 13.74492007 100.53289258
1959 13.8104313612 100.6183773279
1363 13.7458569609 100.5347621441
1346 13.82755196 100.56806308
907 13.745989 100.534408
1042 13.73306895 100.645864152
2119 13.6686726607 100.6338429451
1703 13.6687769105 100.6347227097
1571 13.7585213429 100.5652598857
71 13.81919799 100.592800947
1919 13.717693283 100.519917817
1230 13.73217475 100.50605744
1892 13.71383321 100.40665745
410 13.74607631 100.534102302
50 13.7771403757 100.3578221798
1431 13.748681185 100.4864823818
2045 13.7804536 100.551414583
408 13.73420882 100.58256053
2249 13.7329843 100.43457871
314 13.73462653 100.57178843
817 13.8449761777 100.5106544495
2121 13.82510197 100.67887896
1447 13.68452703 100.60517573
1367 13.73537665 100.56101948
1664 13.75976586 100.53370875
1973 13.830526983 100.6076934
2364 13.741825819 100.5512309074
2011 13.7166643698 100.5269300938
1857 13.815858483 100.561914283
1381 13.7681919336 100.5326861143
171 13.741217 100.550808
2016 13.72341406 100.53205597
1921 13.719534 100.522747
2014 13.717253817 100.516932383
1761 13.74125689 100.55038666
2013 13.7540690016 100.5018246174
965 13.6864674276 100.6474149227
686 13.82190638 100.59249007
1041 13.76858466 100.57240438
2166 13.743333 100.550217
1658 13.828602233 100.552558933
1337 13.7266424667 100.5853985
1448 13.82520997 100.5884608
1585 13.91205787 100.59965795
478 13.75964874 100.57023847
2411 13.9049294256 100.5381095409
1570 13.7579560727 100.5649101734
895 13.910011 100.615505
449 13.75790876 100.6156255
1572 13.8258149 100.52780824
1114 13.8703509166 100.5496644974
1753 13.81544518 100.53492093
86 13.69383138 100.64831525
891 13.70566678 100.60093277
1763 13.694155706 100.648045142
1534 13.7670326012 100.5516171455
469 13.82876694 100.56873792
1225 13.695433567 100.408044117
1090 13.7474827177 100.5385172367
103 13.74741142 100.53468585
1332 13.64438164 100.49980014
1347 13.83898615 100.550501333
2199 13.721046267 100.7272051
1755 13.7270765677 100.5411994457
337 13.71131652 100.40818363
446 13.8215047 100.520905
1809 13.7230743361 100.5102145672
2039 13.75370311 100.58534955
1645 13.731396783 100.586386483
1324 13.6949734137 100.6066131592
174 13.828739 100.52909
2134 13.73003515 100.534164033
144 13.7572646141 100.5376911163
1305 13.7453743333 100.5405260333
1941 13.74187552 100.5517835
180 13.734500895 100.55082446
2313 13.7965523283 100.5651783943
2314 13.7965627476 100.5652213097
1875 13.7474514533 100.6055402756
1100 13.7408858268 100.5538272858
1268 13.741146371 100.5537629128
53 13.8800762833 100.5899783833
1328 13.6947545135 100.6069350243
961 13.829517583 100.638179
1496 13.85639172 100.5420522
321 13.8108589 100.61890912
243 13.74691414 100.5344718
1573 13.82986462 100.48997557
2366 13.692294 100.749226
1701 13.84935778 100.53673917
452 13.826323 100.52624
185 13.7429180642 100.5492460728
184 13.7449607055 100.5407381058
1115 13.86985485 100.559326917
1303 13.75864887 100.56561589
1302 13.762188617 100.567693517
183 13.74635076 100.534036473
241 13.73313897 100.53104078
1798 13.753541334 100.611643249
693 13.744287483 100.663336167
2217 13.7426808 100.4738472
1579 13.843578417 100.54902265
319 13.69074076 100.75501495
1235 13.7263365769 100.4930377007
707 13.7458882255 100.5352663994
2074 13.776542933 100.627237017
371 13.86434286 100.49727123
1109 13.75407147 100.49117696
538 13.804126 100.535677
855 13.71580335 100.479023983
1622 13.90854316 100.59894007
974 13.7630745 100.5432455
473 13.846146 100.577188
1889 13.854911 100.582933
1489 13.924172383 100.59540385
970 13.7435213 100.513429167
2386 13.847806805 100.662468875
1116 13.84687492 100.562443227
94 13.876947117 100.594799617
1334 13.7180401822 100.5577433109
520 13.939420617 100.584280033
2442 13.7307605 100.7814686
1808 13.700573217 100.603044817
533 13.721429833 100.53045435
37 13.771592 100.482421883
561 13.70114415 100.53687208
2073 13.69891214 100.68011093
1540 13.66927391 100.63482391
1386 13.851514033 100.630187
1400 13.85107935 100.629153
1613 13.725689425 100.538518016
1195 13.6918254 100.749851717
1816 13.75855974 100.56713387
805 13.732382 100.635619
809 13.73721419 100.63198761
1215 13.691415 100.746937
2071 13.631754633 100.71640715
1666 13.8790746667 100.5938119833
75 13.82713288 100.56476438
1849 13.63143545 100.71063476
1842 13.8946189042 100.5535697937
1384 13.851684833 100.6294583
862 13.72807979 100.53512525
2163 13.789341411 100.562374503
550 13.8050855744 100.578482151
1382 13.74742543 100.535519
360 13.840693 100.544017
2003 13.743301917 100.528188483
889 13.771692617 100.635112233
44 13.70895808 100.40688216
1858 13.78068137 100.54472118
2049 13.7361230271 100.5285716057
2292 13.73078 100.521004
1555 13.759847083 100.49777065
1938 13.722497133 100.574471717
1348 13.790467381 100.5442678928
2258 13.865127795 100.530977305
2218 13.7166959 100.567376617
264 13.8803296667 100.58984775
1580 13.73531597 100.56551367
2191 13.76228678 100.61645025
1807 13.8303521 100.588858317
2190 13.765293667 100.6168695
683 13.77390968 100.61081093
803 13.7363190167 100.63114495
1458 13.86678981 100.61535614
2173 13.724501833 100.54821005
1227 13.70646912 100.38073948
865 13.7629695 100.678593233
411 13.7773672 100.539733533
2338 13.825328533 100.530287833
342 13.83082645 100.53204555
363 13.8671219371 100.4512274265
1743 13.8158480634 100.5532693863
2189 13.67424905 100.45415443
380 13.7629164236 100.4947650433
2183 13.71645265 100.52411555
1923 13.7173835454 100.5260288715
2261 13.8020634 100.53551578
425 13.910787933 100.617783633
2192 13.722713 100.55406
1398 13.712942 100.753005
1920 13.7212295344 100.5225849152
2225 13.7307592 100.56801921
121 13.695488 100.753635
1117 13.8799438453 100.546027422
1690 13.77975288 100.5452411
553 13.8121513 100.5736864
2185 13.74203264 100.54198974
2221 13.77933639 100.54427993
379 13.75204306 100.54300701
1294 13.7463050873 100.5626732111
91 13.69239109 100.64755487
921 13.732791 100.53057789
439 13.74908983 100.51537179
904 13.7194785229 100.5239367485
542 13.71317998 100.605311223
1374 13.705574835 100.601211455
2259 13.80334995 100.535731717
1674 13.789556583 100.514136167
1803 13.911530083 100.598859967
1594 13.867060633 100.560275333
1393 13.695942 100.752784
1387 13.695488 100.753635
1695 13.66512233 100.63774204
1507 13.913939367 100.597169483
2482 13.8396646886 100.5771157656
1474 13.86662232 100.49667646
1031 13.75847819 100.56531885
1012 13.85893105 100.532605633
2153 13.87117032 100.47973852
1339 13.781614993 100.543838677
2 13.9119798915 100.5524861813
2188 13.72196489 100.58041667
2424 13.75356417 100.47067016
123 13.6939831493 100.7518172264
511 13.79370404 100.54974674
456 13.7520472823 100.5318117142
1119 13.867149683 100.560452438
2425 13.7451588 100.50255045
1340 13.780106075 100.544986125
1392 13.8543445 100.6333433
1747 13.72776445 100.533304783
1405 13.834744733 100.610914417
1670 13.8790785167 100.5938906833
1210 13.732881767 100.582044125
1326 13.6619797292 100.5170488358
2426 13.75356417 100.47067016
1787 13.785009933 100.547812
16 13.8030236 100.639656633
1399 13.855132583 100.631422033
1217 13.74712306 100.53862857
1795 13.7457892208 100.5351698399
1260 13.71291482 100.47946918
1292 13.7426575219 100.5614233017
1113 13.87272365 100.54989855
55 13.7459403276 100.4987347126
2391 13.72656106 100.53060615
310 13.7084665 100.749271
1258 13.70978254 100.38001906
2055 13.741074 100.543163
1403 13.833986517 100.610690117
1257 13.712188577 100.424258603
326 13.804272 100.61826775
296 13.875612567 100.579104383
2374 13.825212933 100.530206533
2463 13.756684367 100.47558945
2169 13.74036115 100.55444312
1531 13.78305071 100.4271419
728 13.795708364 100.3277599812
148 13.718465533 100.521123133
727 13.745840806 100.534420176
335 13.8366901875 100.5066257715
1840 13.733752117 100.581275567
1032 13.74111622 100.56314244
1667 13.7816697333 100.46793265
1038 13.7417404108 100.4952907562
1247 13.691030233 100.746650317
56 13.7470345936 100.4998290539
1397 13.851600833 100.629338767
1264 13.713076117 100.4189249
348 13.8441038132 100.511341095
1216 13.74771833 100.54057013
1401 13.74486082 100.5300967
1506 13.76551252 100.57108992
131 13.685180233 100.61091715
2344 13.70032787 100.54219353
2103 13.76129508 100.46674144
1245 13.72001397 100.49165475
2540 13.801660533 100.657446383
1773 13.777856465 100.47708475
110 13.7538781 100.506070467
1544 13.8435712667 100.49511475
1520 13.83445828 100.610951283
738 13.83395105 100.61055648
308 13.7426992087 100.6324267387
2492 13.767894205 100.641416305
164 13.7572489 100.4923939667
794 13.780296617 100.534911067
2339 13.7942951918 100.4814612865
88 13.76558625 100.49906688
1702 13.7456797944 100.5366611481
14 13.768676867 100.5026614
516 13.859724933 100.624407967
2223 13.7814629 100.5441305
82 13.81651383 100.56066995
2315 13.85151563 100.64620115
1551 13.8210368 100.506942267
9 13.776640883 100.31923055
352 13.690405 100.754471
2227 13.822026533 100.693155033
1735 13.755387 100.54669
548 13.7810847333 100.5025847667
2343 13.731962405 100.5597133
688 13.74571102 100.53799611
2228 13.77096682 100.54130977
1523 13.8266353 100.56540399
2491 13.82647377 100.567810847
2148 13.73905838 100.53507523
1390 13.692892 100.749451
2197 13.90285235 100.52828127
2392 13.83910953 100.57237696
1009 13.86954677 100.5381428
1949 13.73993301 100.5538575
2122 13.747172755 100.559285217
277 13.745839633 100.504681183
1856 13.823110567 100.566084
1446 13.66901016 100.6356858
701 13.80527895 100.53702408
1290 13.74372124 100.56228816
1404 13.83395105 100.61055648
1011 13.6522504 100.52159965
1253 13.833865267 100.610828217
2079 13.79101775 100.545579333
1495 13.87744145 100.574592667
2048 13.7961668141 100.5769371986
1329 13.746221715 100.5034017563
49 13.829930733 100.542605967
2187 13.74161281 100.54139387
867 13.80675715 100.56249595
1986 13.736772 100.525211
1595 13.7435559167 100.5424966333
467 13.85733435 100.537113167
2104 13.748765 100.582301
1948 13.76552605 100.54169398
1439 13.7114197 100.48432618
1503 13.9138335972 100.5509519577
2361 13.74811595 100.45844787
2368 13.954557167 100.615324967
133 13.68543355 100.60401215
1265 13.767510317 100.4079566
975 13.67906647 100.51615244
225 13.8741499186 100.5942857265
1818 13.77816 100.570908
279 13.87217855 100.547404817
1660 13.75826001 100.53357279
1002 13.693543717 100.4918531
1133 13.769794047 100.652124882
1669 13.95478865 100.7377867667
2243 13.778331067 100.476477508
2224 13.79003977 100.51444679
40 13.813282 100.561697
1121 13.76820081 100.57202666
453 13.76579 100.556718
735 13.7286920325 100.5814647675
1656 13.91194135 100.59880665
2511 13.776176 100.596832
2102 13.69784187 100.53761285
1157 13.730724652 100.53344168
510 13.816263432 100.560704584
2229 13.8570505 100.434392267
331 13.6904829741 100.7553738356
2057 13.803099583 100.560939083
79 13.80654 100.522532
1694 13.755882617 100.623080717
2390 13.825771862 100.678847419
926 13.73287618 100.52895802
998 13.894863383 100.558612983
2133 13.83012247 100.55801713
2260 13.86947965 100.53850209
535 13.72863316 100.58112651
1752 13.81395667 100.53447777
2186 13.74092605 100.5426172
1655 13.81222206 100.56292206
906 13.744277 100.53535109
2238 13.68745118 100.6102094
1834 13.886379817 100.603043333
2168 13.742405542 100.549422344
1047 13.742405542 100.549422344
1628 13.85601246 100.53173327
142 13.75056511 100.53957295
350 13.81268385 100.518251083
2336 13.951669 100.609915
905 13.74542105 100.53354215
1751 13.72345399 100.39512664
2195 13.969779 100.518771
2345 13.673774 100.420041
2196 13.85676 100.533063
733 13.7272954378 100.5313181877
2327 13.7213207326 100.5194628239
2167 13.74058115 100.54393064
996 13.89118742 100.5671432
1322 13.6976835897 100.6052345037
1851 13.75329989 100.48737841
849 13.7834653276 100.4010272026
2326 13.7841113592 100.4013490677
908 13.732632972 100.530297215
2325 13.7984694706 100.3798699379
2131 13.787698183 100.53927405
74 13.82845312 100.5644533
1833 13.91317462 100.59862083
73 13.82845312 100.5644533
43 13.827690783 100.59167695
1620 13.91228854 100.59867137
1902 13.730930767 100.530555717
1697 13.7413365667 100.5062165167
1087 13.736400833 100.538715217
730 13.83326047 100.61470741
2328 13.7992821675 100.3940963745
2439 13.77265602 100.40244674
1477 13.68267267 100.62580478
1441 13.618991367 100.695641033
2220 13.7210002361 100.5194842815
2213 13.765643 100.535604
1440 13.63188666 100.63128507
2132 13.73246347 100.53009784
1769 13.78659075 100.5737303833
1248 13.7194785229 100.5845439434
1185 13.6688697338 100.621510148
552 13.804618669 100.580314489
232 13.744304357 100.54421037
1443 13.566967233 100.725553033
2320 13.869941133 100.555925517
1327 13.88116079 100.49340331
1709 13.711213155 100.5816257
1172 13.8767677546 100.4462277889
953 13.81085103 100.6892938
316 13.743759 100.592081
496 13.755968917 100.4914288
288 13.768760798 100.572155797
2112 13.8203592009 100.5765724182
168 13.746614 100.490624
428 13.7971045503 100.5474221706
1242 13.827995 100.56703269
1218 13.7391696 100.5503524
729 13.772477683 100.32858395
2380 13.668225 100.424913
463 13.83739405 100.507300283
1207 13.7568466 100.498122683
514 13.84090185 100.54886877
25 13.760813 100.496774
424 13.74581611 100.53453534
1237 13.730354 100.5680442
1454 13.81639963 100.560753597
226 13.69718855 100.54076625
1696 13.77612507 100.6295076
412 13.70987057 100.75704836
2467 13.690721 100.609037
2064 13.759529004 100.531280487
2505 13.8125889333 100.5607215833
1962 13.73603004 100.54521781
1832 13.9057849 100.583839333
1650 13.96529299 100.58827495
461 13.7661686333 100.5392514167
1409 13.733274087 100.529854164
2468 13.71546 100.585272
1478 13.854018726 100.610597106
1475 13.766071956 100.600223292
1162 13.6746982215 100.534901619
1369 13.6843315167 100.6190032667
2504 13.993256083 100.562109933
7 13.90363401 100.52772313
1175 13.8742786646 100.4571551085
1662 13.76108435 100.537181617
1299 13.8133396333 100.56125985
1699 13.77612507 100.6295076
1604 13.74319261 100.54918277
1804 13.73214864 100.58498436
1323 13.6984367004 100.6058648229
981 13.812860426 100.548677557
853 13.7855643 100.39658284
26 13.83785025 100.60224755
1796 13.806898458 100.574791431
1180 13.6081016064 100.7060265541
1092 13.748544004 100.582663249
2375 13.7774909 100.613621833
1984 13.832108283 100.585981617
1388 13.691011 100.74657
58 13.78869098 100.48284739
1179 13.602987767 100.709175233
1611 13.78010863 100.5450434
2377 13.74115502 100.59472602
992 13.7668346095 100.5270802975
2080 13.83642265 100.67695165
986 13.74707035 100.580490983
1772 13.7789897 100.630159617
432 13.746005 100.514658
2355 13.756848375 100.54137765
388 13.7657504 100.56965255
1241 13.862283233 100.556579667
868 13.69251632 100.74633562
2081 13.787069317 100.644893633
57 13.761822067 100.515597733
1854 13.805582367 100.61830055
284 13.872449 100.602647
1049 13.742812 100.550941
1484 13.684410241 100.620253198
1633 13.76884889 100.47655081
2423 13.73429271 100.61544129
1486 13.684443 100.624934
2088 13.721263867 100.554063617
11 13.80341653 100.53937344
1526 13.7999038667 100.5501039667
41 13.81692248 100.56095707
1014 13.67152863 100.64702546
892 13.81651383 100.56066995
1462 13.7169145181 100.5532050133
1482 13.840268182 100.497880044
1460 13.9159892925 100.5473041534
102 13.7187612 100.53261822
2180 13.618498 100.374409
2521 13.713677 100.638166
1541 13.781436667 100.50086975
2198 13.590979 100.749734
1266 13.86676883 100.49611121
390 13.74593043 100.53239053
366 13.7483268562 100.5354702473
397 13.7446708 100.54503005
236 13.736949855 100.60803377
902 13.76807391 100.64211082
1354 13.81632697 100.56083655
1223 13.8171786 100.56057983
1188 13.73324537 100.56049054
2457 13.7238688 100.7201487667
1385 13.691186 100.746341
1173 13.8742380676 100.4603914401
1863 13.73230844 100.53095632
2089 13.7425968 100.52813363
988 13.728359 100.529885
1501 13.883785933 100.580724333
1940 13.750307875 100.61782855
2231 13.68627393 100.52381134
1654 13.80829489 100.57311075
875 13.7380510868 100.6451404095
1003 13.68627393 100.52381134
1200 13.723613 100.559943
1513 13.9237416 100.6445652
1636 13.74592417 100.5381695
1642 13.740124956 100.555993672
1174 13.875654 100.45121
2376 13.78087741 100.61417788
2450 13.8769125 100.5511236
2307 13.675264 100.426396
497 13.74456751 100.54486519
1957 13.75825512 100.535362674
1956 13.758381 100.534522
1759 13.741972 100.551578
956 13.76484215 100.64238899
231 13.531723017 100.379161833
1741 13.83057 100.540032
1978 13.78734 100.537298
1742 13.789218 100.536076
852 13.752102908 100.57501113
894 13.82329493 100.56596475
1493 13.87843829 100.579358213
856 13.71428436 100.48121076
1684 13.74428915 100.53469026
705 13.7463988811 100.5347836018
1378 13.721260267 100.5833528
1293 13.765777129 100.569638249
2164 13.81280165 100.573656883
1757 13.721202 100.4991935
1212 13.8168690675 100.5799198151
1262 13.76588445 100.50029367
325 13.84270635 100.673060783
915 13.73293471 100.52947658
1485 13.76734006 100.57038229
2405 13.863313 100.616619
2226 13.7437157 100.54845112
1483 13.839951825 100.496924852
1549 13.83355814 100.50698572
1777 13.746057 100.575904
1991 13.74915105 100.51558637
2302 13.67626661 100.61005806
1958 13.733299 100.566286
517 13.774034 100.609615
1886 13.671411 100.419123
715 13.756582317 100.492458783
1768 13.691689499 100.746060729
1760 13.7275671959 100.5363607407
2019 13.825608 100.678911
2052 13.74346476 100.52973216
1837 13.74457576 100.53248231
1943 13.69790217 100.48541987
234 13.744219633 100.350979933
1111 13.870843533 100.555814367
1784 13.7680578232 100.5971556902
1754 13.6979016 100.53766834
1732 13.71962392 100.55484575
1006 13.8800164 100.5504952
370 13.86389327 100.49723291
1578 13.83185487 100.53918558
1389 13.862795 100.61417
2515 13.7863724556 100.5493211746
2002 13.729599 100.571036
492 13.741257783 100.508025817
2297 13.72458356 100.54458063
1593 13.721573367 100.771713517
1635 13.75666677 100.48779648
1252 13.789711232 100.548399523
1 13.89599567 100.55620479
2234 13.841439 100.575559
444 13.7113749 100.541105517
2487 13.82243376 100.69381046
2004 13.780538 100.598859
2060 13.758005 100.521336
2068 13.756817733 100.521494183
1099 13.7650526767 100.5284965038
2525 13.76253819 100.54256612
117 13.768809 100.536683
1377 13.739494 100.603421
1596 13.719130417 100.453271933
1170 13.8757270575 100.4348820448
2090 13.69686609 100.532255255
1935 13.742264119 100.551756921
2083 13.7931703 100.651606533
854 13.8706321482 100.5503618717
534 13.859191383 100.520859067
381 13.76771903 100.48617166
2059 13.796307 100.447679
1480 13.74152415 100.55165737
1665 13.8799656167 100.5930582833
2486 13.82243376 100.69381046
1946 13.726464565 100.640741165
2000 13.780538 100.598859
1610 13.8255306 100.448642717
1229 13.7661686333 100.5392514167
1810 13.7283734 100.53476321
327 13.89355065 100.585472417
1194 13.729099 100.556137
2086 13.767559585 100.642452013
421 13.897449967 100.587605767
1964 13.732695 100.54177
917 13.744812533 100.541305367
353 13.6884792878 100.6475651264
966 13.68695348 100.6473748
1608 13.91786754 100.42466807
2117 13.822377633 100.628640783
2311 13.640334117 100.623367283
1632 13.744682661 100.532753455
1736 13.755707 100.552558
365 13.7507654615 100.5614876747
2256 13.815448 100.632145
1039 13.75244164 100.49267327
1873 13.7864974926 100.5482804775
498 13.749556767 100.5305352
1945 13.72296369 100.55280756
2245 13.6800599098 100.5046087503
1005 13.885728567 100.575694217
1112 13.85622149 100.54292947
1820 13.758254 100.532368
2062 13.6871866956 100.647329092
1034 13.827811933 100.626663717
1819 13.849175 100.506477
2514 13.9309952906 100.6002402306
1263 13.71265351 100.48012453
1023 13.725548511 100.566344788
979 13.724448 100.556054
1004 13.72408455 100.5592429
2452 13.699577583 100.5154153
2230 13.718987 100.53889
266 13.724567567 100.559570378
978 13.745928413 100.534498883
866 13.98858851 100.6170693
977 13.76029223 100.49640238
2209 13.7454922062 100.4992496967
999 13.885494803 100.549366927
2001 13.771836 100.56929
916 13.77108174 100.58505523
1159 13.7009357598 100.4920077324
888 13.75966536 100.61837905
1476 13.821240657 100.451695553
1199 13.731363667 100.566811033
1887 13.70442527 100.79564678
1085 13.723784767 100.529068067
1583 13.80268746 100.59562605
878 13.66650849 100.51894783
2240 13.7700754 100.629637241
795 13.78056657 100.53104972
1254 13.7605300494 100.514087677
357 13.75913774 100.56557673
2501 13.748 100.580265
1821 13.857487 100.520897
1661 13.76492202 100.53718107
230 13.742298799 100.552761858
990 13.76492202 100.53718107
378 13.7551423816 100.5418002605
2341 13.74747163 100.51734471
1917 13.921086717 100.53638805
1825 13.765756933 100.537930917
1110 13.856236821 100.542283058
1848 13.711685 100.4494485
1084 13.683953 100.646102
386 13.777336133 100.561666783
384 13.7613741409 100.5595886707
1934 13.7513244333 100.4966270833
2407 13.85153824 100.55707484
1827 13.754861 100.526678
2356 13.800407435 100.58152914
1391 13.691639 100.747732
1822 13.7667238 100.642392617
1933 13.773105367 100.578211133
1586 13.8723091145 100.601785183
1108 13.744660088 100.534117778
1931 13.6774457 100.51379561
2305 13.551222 100.420396
383 13.7615877685 100.5602645874
2310 13.551222 100.420396
2309 13.551222 100.420396
460 13.763404 100.548094
2091 13.74986135 100.55705738
556 13.70700025 100.75265926
401 13.6284288083 100.5891251564
1275 13.727705802 100.532547225
1799 13.7551319604 100.6272876263
682 13.73267394 100.56483173
2306 13.646502 100.382017
2352 13.77851 100.63143
2082 13.757248175 100.617709007
2031 13.7384783843 100.5105042458
810 13.7417703 100.62604515
1261 13.74761784 100.52385026
2032 13.7126619606 100.499560833
372 13.866233 100.49679
1868 13.65014009 100.595073706
1022 13.725456815 100.56629377
2443 13.8671109 100.55747485
802 13.745602 100.629667
1885 13.659693 100.366189
2465 13.7569764952 100.5535697937
2436 13.664441 100.635289
2334 13.719997 100.530216
1866 13.62918961 100.5880059
1974 13.814396767 100.620604817
2435 13.673539 100.676803
1043 13.98920381 100.61796116
1588 13.77175205 100.48288798
1730 13.711961 100.564207
1408 13.7102344 100.53598952
1817 13.91778945 100.50831555
1874 13.743553 100.544858
1037 13.74452655 100.503319833
2430 13.72405463 100.53838551
329 13.831629117 100.675777033
2206 13.81632697 100.56083655
1671 13.922563133 100.60336215
1152 13.748689 100.557727767
2293 13.8515003 100.674897667
1086 13.60539406 100.60241377
1744 13.664107 100.652914
1683 13.75851386 100.56534469
2193 13.748033383 100.698644917
1008 13.73827425 100.560186233
140 13.7509566286 100.5373119429
2061 13.76164585 100.51770651
12 13.80433 100.543309
139 13.75097596 100.53711688
1802 13.76596 100.64108
2378 13.7206893 100.5839026833
2351 13.9178595 100.547793717
2462 13.674822583 100.41167555
2394 13.78074228 100.51014333
330 13.830786133 100.675409233
995 13.818241217 100.56336345
1612 13.687409 100.647636
1789 13.54333931 100.60709625
2527 13.695241483 100.4805259
1937 13.939944 100.627524933
2319 13.866618 100.55447
2349 13.742589317 100.571002133
1869 13.62917047 100.5880329
2035 13.844159 100.579402
2340 13.6097287 100.5997757
1992 13.785514 100.605808
2216 13.65088325 100.69124251
2481 13.7950102677 100.5998003483
2350 13.90910213 100.55306467
1830 13.794889933 100.710415617
364 13.998162 100.615075
135 13.750798 100.540018
2445 13.77394622 100.61778604
367 13.78807461 100.50232779
882 13.81280845 100.56253552
1365 13.66923308 100.62877076
355 13.821362717 100.515152367
127 13.6866219 100.611731933
1442 13.663119 100.713663
994 13.81672883 100.56110501
2111 13.846546 100.578637
2113 13.8465066 100.57941485
343 13.73391264 100.58259749
2036 13.84558248 100.57952332
1646 13.777952033 100.572218033
2007 13.668744 100.646095
1865 13.89022159 100.61713695
112 13.672016783 100.61231385
2404 13.859839 100.643252
2396 13.74479067 100.50592094
989 13.7431088 100.5317834
2304 13.74127465 100.54275643
1972 13.82338601 100.55916494
434 13.74309629 100.52950698
2516 13.7239706751 100.5494391918
1220 13.77101105 100.61038208
2517 13.7239498301 100.5494821072
2398 13.84299439 100.56933027
959 13.831351707 100.675867195
2446 13.77721178 100.62369418
136 13.754376483 100.540287667
1046 13.745438 100.563174
1149 13.725668605 100.525955135
125 13.692379617 100.752022417
2395 13.73831945 100.433019833
2531 13.88744475 100.470871767
346 13.77564918 100.57186394
2041 13.905848 100.653936
1624 13.62827676 100.62733359
2116 13.60122294 100.72678721
1668 13.8791531667 100.5937404833
1871 13.638917117 100.592643267
2087 13.7329002 100.691286483
1407 13.7055623531 100.5311465263
2385 13.755399 100.575641
880 13.962863 100.58623
1843 13.87480163 100.55346542
1861 13.73969537 100.54781252
1626 13.6052248 100.71245005
1089 13.747924167 100.5391901
1000 13.82150185 100.56397783
399 13.667577 100.640975
1001 13.779992383 100.560378708
1634 13.75682215 100.533796467
2538 13.712195 100.605503
870 13.735547328 100.642065103
2447 13.828053467 100.476343617
1528 13.75743436 100.54830127
1481 13.743933 100.544907
1714 13.72112172 100.52836775
951 13.825755145 100.68039223
2127 13.73362898 100.56728672
1182 13.668378098 100.634078486
275 13.8720695486 100.6020212173
2298 13.72560948 100.54427093
1101 13.872973705 100.667421862
1793 13.839618 100.548948
1680 13.743642516 100.545800786
860 13.742401708 100.551816253
709 13.74551257 100.53350867
2434 13.607919 100.600682
2214 13.7950727838 100.554857254
2204 13.73358895 100.471430817
2151 13.847855 100.513833
2451 13.68598575 100.519039883
2123 13.72231703 100.53086674
2212 13.7940423667 100.5516225667
1932 13.7913835 100.55021476
2244 13.687879 100.647265
267 13.7240123652 100.5596637726
807 13.748361 100.632194
1515 13.724617 100.533743
271 13.745591 100.534459
873 13.73118965 100.65036765
1679 13.934630476 100.625413327
1707 13.70362669 100.59061151
1872 13.6496842 100.596612633
1924 13.7500359668 100.5745875835
1712 13.72270977 100.53056597
165 13.752382983 100.488960733
2200 13.922719 100.502132
2448 13.74625259 100.53425407
858 13.750949 100.5634078
268 13.74835991 100.58336436
458 13.743073 100.601282
1794 13.758351 100.53445
1939 13.720918806 100.569518108
2299 13.837589 100.35703
440 13.7359476 100.52437996
2201 13.904448 100.526932
997 13.81778895 100.5350573
2317 13.69059753 100.75462794
2262 13.719089433 100.472213767
885 13.74643301 100.56286042
1890 13.6547514333 100.4417033833
455 13.75835 100.534539
1033 13.742991016 100.5999720097
1783 13.860138855 100.6243988872
437 13.727765549 100.532548421
1098 13.730968 100.529259
2040 13.754692133 100.569117833
515 13.921162197 100.655641538
1027 13.827071972 100.586390776
2520 13.779562433 100.6830659
1644 13.73266261 100.58677333
2480 13.751782 100.511333
1028 13.827064804 100.586229883
2461 13.7660322204 100.6528651714
2490 13.7404533 100.46605747
19 13.76372805 100.537623783
1916 13.90361195 100.52802109
1214 13.7392912897 100.5431950092
1733 13.70025157 100.59520804
1606 13.734667062 100.660335951
115 13.670048754 100.6102716923
1739 13.85663664 100.54187262
2331 13.700141 100.630126
1530 13.744616233 100.54143335
963 13.68819898 100.64723759
1603 13.75511717 100.62783586
1870 13.7869696 100.54779243
1682 13.83143746 100.5711404
800 13.746264504 100.631384225
1853 13.737743833 100.513689
1030 13.7438428402 100.5709934235
259 13.855122217 100.595971433
1345 13.78252565 100.54534786
2246 13.749597 100.549507
1601 13.74547795 100.653578693
1647 13.967988 100.585644
153 13.806586117 100.555188867
0 13.9175409641 100.5551791191
2264 13.74958401 100.64305263
274 13.879975092 100.5899298191
2330 13.700141 100.630126
403 13.66238814 100.6400274
2295 13.7646150069 100.7941854
2449 13.758626515 100.54061433
2265 13.88349169 100.55574911
394 13.63091235 100.398075283
1704 13.76680022 100.57152569
677 13.7430796 100.6245356
1208 13.765786315 100.56974318
1705 13.679522 100.603525
395 13.6299438 100.606086433
1737 13.75477689 100.54607462
2023 13.7241393328 100.5771839619
1977 13.779196 100.536521
1681 13.839363535 100.573604798
2401 13.9704165338 100.5032086372
1181 13.7435822 100.549044767
2085 13.834055267 100.667739383
484 13.75878316 100.56569725
2034 13.745053 100.562862
1517 13.7800485 100.459736983
2534 13.85164385 100.5709275
1479 13.74129 100.550983
1522 13.89545115 100.558603733
1725 13.66724044 100.65070044
1710 13.668007333 100.6357829
1719 13.66904091 100.6351763
1724 13.749597 100.549507
1094 13.7240433 100.53325384
1018 13.77675139 100.70873838
2303 13.73503953 100.56308567
317 13.79714095 100.60715532
1993 13.81968 100.563076
1790 13.544875 100.656034
1623 13.6543378787 100.5524754524
1019 13.759062955 100.533350805
2316 13.830875083 100.486502667
2422 13.8613162 100.49421495
1097 13.742180633 100.552448701
2419 13.93633657 100.41136908
2420 13.9282572833 100.4082746167
2267 13.833606 100.614505
2388 13.84785875 100.662401183
1524 13.85123491 100.63137727
2485 13.67717313 100.54330581
1625 13.6487746239 100.5655646324
1243 13.9037525913 100.5275952816
2266 13.732019 100.5433
459 13.75484275 100.56920927
1602 13.72455075 100.776072183
972 13.736602633 100.561323583
2210 13.8044916956 100.5694913864
2253 13.9659135236 100.4988849163
3 13.761902 100.565767
1758 13.783432 100.546434
1996 13.65876505 100.60095455
1995 13.645573417 100.618199033
1801 13.77612507 100.6295076
2194 13.742598967 100.694873683
1788 13.750171 100.581327
877 13.73693798 100.524113575
2493 13.817015862 100.614618825
987 13.73131173 100.52939552
1738 13.856474408 100.542020697
2028 13.874579 100.45758
1792 13.74830031 100.57941329
2084 13.731041783 100.56863576
1727 13.68616015 100.601618067
2143 13.83962887 100.58288145
1979 13.77995049 100.5329135
960 13.7379520787 100.5888193846
2140 13.76564818 100.4759351
2460 13.759327319 100.604644046
1370 13.800562533 100.552037383
1649 13.76610296 100.56974023
2182 13.83171951 100.56355077
1648 13.819252267 100.593208383
2397 13.83290213 100.57387524
2247 13.7480836 100.616861
2494 13.827346915 100.564325667
1713 13.723395 100.530382
1999 13.78112107 100.54516184
1998 13.782852555 100.546098165
2162 13.7916336 100.57088935
1997 13.7816418417 100.5458021164
2459 13.792401787 100.608589567
806 13.7489834063 100.6283712387
2495 13.8279255 100.56607925
2455 13.752004 100.536105
2255 13.86694496 100.5252124
448 13.7593822 100.616921175
2128 13.702631954 100.584210553
2126 13.858196587 100.642756821
1929 13.76625824 100.56984582
1862 13.839557203 100.514587697
2421 13.93531298 100.40755128
1944 13.8445074064 100.5084979534
2124 13.701461057 100.583883154
955 13.993956633 100.65700635
322 13.852871817 100.645209067
2453 13.7524825773 100.5364473388
529 13.723681384 100.52932317
1976 13.72925287 100.51659297
1244 13.79413777 100.59385079
2312 13.83360749 100.57494372
2335 13.823294 100.601819
2379 13.707977 100.310029
333 13.854114733 100.4488704
1847 13.57845 100.727459
2156 13.72822165 100.661780833
2021 13.8525388898 100.6449580193
804 13.7474410318 100.6329846382
2510 13.71677112 100.72827464
2474 13.7001 100.593038
2543 13.823481257 100.558397883
20 13.83928787 100.5512582
450 13.760936 100.616628
1619 13.69415962 100.74861443
398 13.67084449 100.6421768
1771 13.72502291 100.53426164
2114 13.631466 100.708168
890 13.745832733 100.534445217
1850 13.803333 100.43270895
1015 13.57566568 100.78338268
2500 13.661658733 100.622205317
2254 13.93145458 100.53270642
1589 13.76616531 100.57022798
2025 13.736900717 100.560316617
1864 13.840144867 100.599575033
431 13.7172814018 100.5684185028
799 13.7364826 100.6330206
1836 13.80604545 100.562435983
1975 13.81104625 100.618633567
1344 13.767250176 100.570364853
2383 13.77918165 100.4647877
2318 13.809661 100.578854
2203 13.63437432 100.51163852
2129 13.704596 100.596783
2141 13.825645967 100.558801967
1831 13.92266547 100.60272979
1968 13.74377143 100.56259369
374 13.757828584 100.535142099
1016 13.5854058 100.787541083
1706 13.68337261 100.60608732
2400 13.743511548 100.479818812
2157 13.743329 100.589009
1963 13.734601412 100.4980909824
2263 13.7968753262 100.5831491947
203 13.785256 100.545462
2333 13.727788867 100.658159833
1488 13.929204 100.594255
1017 13.6871293628 100.4915893078
1547 13.866450007 100.497183753
1994 13.75153899 100.6101976
1922 13.719592045 100.50327184
2458 13.759998 100.514479
2402 13.86125332 100.50221818
1228 13.7360188072 100.5452013016
2208 13.612260965 100.713234005
1814 13.7589460671 100.5677962303
1287 13.75976347 100.56580471
1213 13.7385721812 100.542755127
2399 13.78512454 100.46737134
545 13.795292967 100.506959667
2044 13.7688249395 100.5940067768
2437 13.721288 100.418941
1966 13.73687065 100.56063955
1970 13.860603 100.549855
2529 13.823651 100.569689
798 13.74151211 100.63114649
2438 13.741725 100.551489
513 13.6876036616 100.6474900246
1286 13.758655 100.565467
356 13.756857 100.56498
1548 13.865884083 100.496762567
2507 13.78410178 100.53603482
338 13.765777374 100.569634033
2037 13.6942812 100.480600567
2125 13.858235616 100.641434825
2233 13.840076 100.575526
1013 13.58525967 100.78668382
2512 13.7881125472 100.5737614632
1980 13.878051891 100.65803757
886 13.76526999 100.61911702
2219 13.73368465 100.54024541
2528 13.8171204 100.615078117
2179 13.758538 100.574975
1734 13.71611 100.57215
1982 13.84681 100.570622
2432 13.7394580392 100.5485701561
1590 13.76283054 100.568523785
528 13.74736815 100.5383594
1748 13.73034137 100.74908506
1368 13.745917255 100.534482905
1969 13.858593 100.521954
2017 13.708225 100.469595
2433 13.7925629 100.55294042
1204 13.78893 100.607763
1729 13.7136938382 100.5655109882
2296 13.7279185 100.56938022
2471 13.69778 100.53768
2138 13.852581551 100.717256003
2444 13.79725337 100.74094635
1988 13.62456113 100.723545547
2473 13.761658485 100.565170553
2472 13.845254702 100.476904531
2030 13.79854339 100.56511044
1718 13.80004501 100.55424237
2047 13.8800221 100.57298201
1102 13.66371288 100.651720518
2382 13.79370981 100.55672502
1828 13.949088 100.554223
2483 13.768787296 100.613901598
2509 13.721131733 100.7334039
2137 13.839364797 100.662426767
2489 13.747186717 100.49790841
1839 13.831559517 100.623974483
351 13.735844534 100.642826845
2046 13.932536464 100.630216312
1936 13.7600402665 100.544257164
493 13.65780037 100.41482174
2360 13.750916117 100.461655033
2542 13.86891345 100.64947287
359 13.832234333 100.503304267
2403 13.819127076 100.521037073
312 13.7750225 100.674061817
154 13.800935 100.552309
354 13.6876140858 100.6473827362
2488 13.765045654 100.411731057
393 13.767389967 100.533053067
2110 13.751385 100.517698
1904 13.744588 100.540258
2464 13.76136386 100.51552116
1987 13.724814667 100.660154333
2508 13.71677112 100.72827464
2241 13.7607789869 100.4630059678
2109 13.758904 100.525567
2456 13.6933743 100.6821763
2370 13.73954457 100.5475769
2519 13.76667243 100.52691864
1928 13.7564033362 100.5679678917
2513 13.637443 100.592471
339 13.76224518 100.568628328
2029 13.86384612 100.51979166
2139 13.82562017 100.67881053
1844 13.72939729 100.53355795
518 13.6923674457 100.7505834103
349 13.832150717 100.503017367
850 13.774084967 100.39152965
2092 13.7899934 100.65329402
1905 13.722199 100.534033
2207 13.610956661 100.713605948
1171 13.800935 100.552309
1716 13.723026907 100.529605752
249 13.762461953 100.494053565
2093 13.74182343 100.55924266
2409 13.7390724309 100.5478513241
2329 13.736143442 100.6217867
1867 13.649946583 100.596932455
2353 13.732599017 100.536489483
2506 13.79511593 100.56462048
2533 13.8610602 100.406532433
170 13.73385025 100.652970367
1989 13.73647487 100.62279707
2222 13.78223443 100.54604607
1715 13.721289 100.52808
2478 13.722539949 100.583572656
2477 13.722692492 100.583384162
1930 13.835595 100.629855
1903 13.720625 100.533153
1981 13.861987 100.661422
2479 13.724717583 100.531488883
373 13.7570349 100.53536905
2476 13.67548322 100.4023748
2454 13.807688 100.574357
2178 13.758538 100.574975
2503 13.723974 100.476121
1906 13.72168 100.530589
2496 13.675828833 100.643114067
2502 13.72373205 100.47604334
2484 13.677015 100.464705
2466 13.9024091183 100.367102623
2539 13.81604546 100.57821792
2530 13.75234442 100.57504832
957 13.813892 100.56196135
1967 13.743578965 100.562983895
1951 13.6776622 100.6442272
2537 13.679282 100.421862
2384 13.733167633 100.654184817
2022 13.738825689 100.398829399
2393 13.722022157 100.581246131
1971 13.856432 100.542211
2526 13.781413767 100.7166768
1985 13.69448119 100.64796769
1035 13.745707 100.532942
564 13.693578452 100.708162274
2532 13.788036108 100.613004134
2475 13.60455515 100.5593327
2024 13.7243667308 100.5771625042
512 13.788025717 100.645766417
2497 13.71562683 100.57113975
2499 13.8154605 100.583733367
2323 13.59392 100.572597
2322 13.80620408 100.53277295
2300 13.7519285 100.54276353
2324 13.6413 100.634776
2536 13.778985165 100.57407784
2372 13.694508084 100.496040247
2369 13.698007046 100.493997384
2523 13.73774993 100.55683165
2541 13.790842485 100.57461977
2136 13.6874 100.482421
2522 13.731936759 100.515728721
2381 13.799629568 100.553735742
525 13.728713398 100.572453009
2524 13.694346536 100.478468083
2371 13.744757677 100.505433275
2535 13.796831305 100.552725635
884 13.76532882 100.61883395
1762 13.72508132 100.77744907
2498 13.7255757388 100.7708072662
