818 0
1205 1
1245 2
1253 3
1270 4
1444 5
2261 6
3010 7
3758 8
4285 9
11713 10
12694 11
12705 12
13057 13
13128 14
13198 15
13849 16
14779 17
14944 18
15002 19
15149 20
15187 21
15229 22
16234 23
16305 24
16311 25
16678 26
17044 27
17049 28
17109 29
17110 30
17141 31
17316 32
17438 33
17585 34
17826 35
17896 36
18047 37
18125 38
18491 39
18679 40
18813 41
18980 42
19015 43
19018 44
19161 45
19185 46
19211 47
19227 48
19233 49
19306 50
19319 51
19435 52
19758 53
19761 54
19765 55
19800 56
19826 57
19890 58
20103 59
20110 60
20201 61
20372 62
20529 63
20531 64
20577 65
20589 66
20707 67
20808 68
20858 69
21036 70
21114 71
21124 72
21199 73
21208 74
21236 75
21270 76
21329 77
21639 78
21646 79
21661 80
21678 81
21718 82
21938 83
23252 84
23414 85
25942 86
29762 87
30935 88
31133 89
33602 90
36918 91
37461 92
37605 93
38001 94
39017 95
39083 96
39090 97
39420 98
40793 99
40834 100
41343 101
41344 102
42636 103
42776 104
42782 105
42847 106
42851 107
43132 108
44137 109
46104 110
46539 111
46714 112
47844 113
47948 114
47951 115
47952 116
47953 117
47954 118
47955 119
48363 120
48421 121
48471 122
48472 123
48473 124
48474 125
48475 126
48476 127
48477 128
48479 129
48480 130
48482 131
48483 132
48484 133
48485 134
48486 135
48487 136
48535 137
48543 138
48558 139
48573 140
48576 141
48578 142
48579 143
48583 144
48594 145
48595 146
48596 147
48598 148
48606 149
48608 150
48609 151
48630 152
48633 153
48635 154
48638 155
48643 156
48646 157
48651 158
48652 159
48655 160
48656 161
48659 162
48664 163
48668 164
48676 165
48677 166
48679 167
48680 168
48687 169
48689 170
48691 171
48692 172
48694 173
48695 174
48698 175
48699 176
48704 177
48705 178
48706 179
48707 180
48709 181
48710 182
48711 183
48713 184
48714 185
48715 186
48717 187
48719 188
48723 189
48725 190
48726 191
48727 192
48736 193
48738 194
48740 195
48744 196
48745 197
48749 198
48750 199
48753 200
48754 201
48756 202
48758 203
48759 204
48761 205
48762 206
48765 207
48767 208
48774 209
48775 210
48776 211
48777 212
48780 213
48784 214
48786 215
48796 216
48797 217
48803 218
48809 219
48810 220
48813 221
48814 222
48820 223
48824 224
48825 225
48832 226
48833 227
51426 228
51545 229
51655 230
53435 231
54997 232
55081 233
55418 234
55419 235
55420 236
55421 237
55423 238
58792 239
60898 240
60906 241
60912 242
60918 243
60922 244
63038 245
63043 246
63046 247
63047 248
63049 249
63051 250
66258 251
69787 252
70982 253
71816 254
72629 255
74023 256
75068 257
75531 258
76873 259
76882 260
76956 261
80047 262
80050 263
80051 264
80053 265
80058 266
80062 267
80063 268
80066 269
81084 270
81085 271
81088 272
82369 273
82376 274
82378 275
82379 276
83679 277
88285 278
89206 279
89603 280
89757 281
93732 282
94478 283
94863 284
94864 285
94966 286
95826 287
95827 288
95836 289
95839 290
95840 291
95841 292
95844 293
95845 294
95847 295
95851 296
95853 297
95854 298
95855 299
95856 300
95959 301
95960 302
95961 303
95962 304
95963 305
95965 306
95967 307
95968 308
96086 309
98451 310
98452 311
98453 312
98820 313
98821 314
98946 315
98949 316
98953 317
99322 318
99324 319
99329 320
99330 321
99332 322
99333 323
99347 324
99350 325
99355 326
99395 327
99396 328
99460 329
99463 330
99466 331
99473 332
99494 333
99519 334
100272 335
100273 336
100275 337
100276 338
101861 339
101862 340
101866 341
101867 342
101868 343
101869 344
101870 345
101871 346
102342 347
103528 348
103590 349
103837 350
103838 351
103840 352
103841 353
104030 354
104225 355
104226 356
104227 357
104228 358
104230 359
104231 360
104232 361
104233 362
104234 363
104236 364
104276 365
104277 366
104278 367
104279 368
104709 369
104711 370
104713 371
104714 372
104732 373
104733 374
104734 375
104735 376
104736 377
104737 378
104738 379
104743 380
104744 381
104745 382
104746 383
104747 384
104750 385
104752 386
104753 387
104754 388
104756 389
104757 390
104758 391
104759 392
104976 393
104978 394
104980 395
104982 396
104986 397
104987 398
104989 399
104991 400
104992 401
104994 402
104995 403
105089 404
105094 405
105100 406
105103 407
105105 408
105106 409
105108 410
105112 411
105113 412
105115 413
105116 414
105117 415
105228 416
106333 417
106340 418
106873 419
107192 420
107193 421
107194 422
107456 423
107457 424
107458 425
107465 426
107466 427
107471 428
107599 429
107637 430
107641 431
107642 432
107644 433
107645 434
107648 435
107651 436
107714 437
107715 438
107877 439
107959 440
107960 441
108016 442
108276 443
108280 444
108284 445
108285 446
108289 447
108290 448
108291 449
108294 450
108297 451
108302 452
108306 453
108307 454
108308 455
108309 456
108313 457
108315 458
108319 459
108323 460
108324 461
108326 462
108327 463
108330 464
108331 465
108332 466
108334 467
108335 468
108337 469
108403 470
108404 471
108416 472
108417 473
108418 474
108428 475
108429 476
108436 477
108585 478
108697 479
108699 480
108815 481
108853 482
108856 483
109361 484
109384 485
109386 486
109397 487
109400 488
109401 489
109402 490
109403 491
109451 492
109453 493
109485 494
109487 495
109489 496
109598 497
109920 498
109921 499
109925 500
109928 501
110032 502
110037 503
110039 504
110040 505
110042 506
110044 507
110056 508
110058 509
110059 510
110269 511
110271 512
110272 513
110274 514
110277 515
110278 516
110279 517
110282 518
110283 519
110284 520
110285 521
110286 522
110649 523
110653 524
110663 525
110754 526
110756 527
110912 528
110913 529
110914 530
110915 531
110916 532
110919 533
110920 534
110921 535
110925 536
110926 537
110928 538
110929 539
110931 540
110933 541
110934 542
110936 543
110941 544
110942 545
110945 546
110946 547
110948 548
110949 549
111213 550
111214 551
111217 552
111266 553
112152 554
112155 555
112198 556
112199 557
112304 558
112341 559
112344 560
112345 561
112347 562
112934 563
112937 564
112941 565
112943 566
112945 567
112949 568
112975 569
112977 570
112979 571
112985 572
112986 573
112988 574
112990 575
112991 576
112996 577
113019 578
113022 579
113023 580
113024 581
113025 582
113026 583
113070 584
113071 585
113072 586
113133 587
113380 588
113382 589
113383 590
113388 591
113391 592
114780 593
114781 594
114783 595
115032 596
115033 597
117419 598
117420 599
117422 600
120713 601
123256 602
123260 603
123261 604
123262 605
123264 606
127125 607
127126 608
129083 609
129424 610
131454 611
131455 612
131478 613
132667 614
132668 615
132671 616
133404 617
136149 618
136150 619
136151 620
136187 621
136311 622
136312 623
136313 624
136370 625
136373 626
136463 627
136759 628
136760 629
136762 630
136763 631
140221 632
140261 633
141415 634
141416 635
141419 636
141420 637
141819 638
141821 639
141823 640
141824 641
141825 642
141916 643
141921 644
141924 645
141926 646
141927 647
141928 648
141938 649
141939 650
141940 651
141941 652
141978 653
141980 654
141997 655
142006 656
142030 657
142031 658
142040 659
142041 660
142052 661
142069 662
142070 663
142073 664
142076 665
142083 666
142084 667
142085 668
142086 669
142089 670
142090 671
142093 672
142141 673
142142 674
142147 675
142149 676
142168 677
142170 678
142172 679
142187 680
142188 681
142195 682
142203 683
142204 684
142206 685
142207 686
142208 687
142234 688
142243 689
142246 690
142256 691
142257 692
142259 693
142261 694
142262 695
142265 696
142269 697
142270 698
142273 699
142277 700
142278 701
142285 702
142288 703
142289 704
142302 705
142305 706
142306 707
142319 708
142324 709
142330 710
142355 711
142357 712
142361 713
142364 714
142366 715
142368 716
142369 717
142373 718
142374 719
142384 720
142386 721
142387 722
142388 723
142389 724
142391 725
142392 726
142393 727
142399 728
142400 729
142407 730
142411 731
142417 732
142427 733
142433 734
142470 735
142726 736
147773 737
147774 738
147783 739
147784 740
147785 741
147788 742
149321 743
149323 744
149532 745
149533 746
150682 747
151747 748
151984 749
151987 750
151990 751
153113 752
153114 753
153117 754
153120 755
153123 756
153126 757
153127 758
153294 759
153404 760
157073 761
157076 762
158544 763
159561 764
160941 765
160946 766
160947 767
160948 768
160957 769
161982 770
161988 771
162358 772
165216 773
165568 774
165569 775
167840 776
167843 777
167844 778
167846 779
168395 780
168430 781
168727 782
168730 783
168733 784
168749 785
168756 786
168759 787
168760 788
168766 789
168768 790
170073 791
170297 792
170816 793
170817 794
171094 795
171097 796
171101 797
171111 798
171114 799
171505 800
171508 801
172385 802
172830 803
173166 804
173759 805
173955 806
173956 807
173958 808
173959 809
173964 810
173977 811
173984 812
173985 813
173987 814
173989 815
174086 816
174088 817
174089 818
174090 819
174091 820
174092 821
174096 822
174100 823
174101 824
174137 825
174139 826
174143 827
174158 828
174159 829
174160 830
174201 831
174739 832
175275 833
175277 834
175373 835
175407 836
175409 837
175488 838
175638 839
175644 840
175646 841
175649 842
175652 843
175692 844
175751 845
175864 846
175865 847
176048 848
176054 849
176056 850
176103 851
176150 852
176151 853
176332 854
176374 855
176380 856
176381 857
176383 858
176385 859
176388 860
176478 861
176479 862
176484 863
176485 864
176486 865
176487 866
176488 867
176489 868
176490 869
176491 870
176644 871
176651 872
176691 873
176772 874
176773 875
176781 876
176787 877
176788 878
176789 879
176790 880
176796 881
176798 882
176799 883
176934 884
176936 885
177313 886
177315 887
177349 888
177404 889
177643 890
177656 891
177660 892
177669 893
177671 894
177706 895
177794 896
177796 897
178197 898
180489 899
180490 900
180565 901
182348 902
182500 903
183042 904
183258 905
183580 906
184039 907
184073 908
184131 909
185067 910
185226 911
185603 912
185606 913
185607 914
185644 915
185678 916
185680 917
185712 918
185734 919
185750 920
185775 921
185781 922
185782 923
185783 924
185796 925
185797 926
185810 927
185813 928
185817 929
185831 930
185832 931
185841 932
185860 933
185870 934
185887 935
185973 936
186285 937
187213 938
187928 939
188168 940
190047 941
190048 942
190050 943
190162 944
190359 945
192048 946
192255 947
192322 948
192853 949
192886 950
193087 951
193093 952
193094 953
193095 954
193119 955
193155 956
193249 957
193304 958
193320 959
193324 960
193327 961
193329 962
193473 963
193514 964
193516 965
194973 966
194984 967
194988 968
194989 969
195001 970
195004 971
195007 972
195364 973
196027 974
196054 975
196091 976
196335 977
196336 978
196492 979
196528 980
