0 0
5 1
7 2
15 3
16 4
19 5
22 6
27 7
29 8
31 9
32 10
34 11
35 12
40 13
41 14
42 15
44 16
48 17
52 18
54 19
58 20
62 21
66 22
71 23
74 24
77 25
78 26
79 27
81 28
83 29
85 30
88 31
89 32
91 33
92 34
96 35
97 36
98 37
102 38
104 39
106 40
107 41
109 42
111 43
112 44
113 45
115 46
116 47
121 48
122 49
124 50
125 51
130 52
131 53
133 54
135 55
138 56
141 57
142 58
143 59
148 60
153 61
154 62
156 63
158 64
160 65
162 66
163 67
166 68
170 69
171 70
172 71
175 72
180 73
181 74
182 75
190 76
197 77
202 78
203 79
204 80
208 81
209 82
210 83
211 84
212 85
213 86
214 87
217 88
218 89
219 90
223 91
224 92
225 93
226 94
227 95
233 96
234 97
236 98
237 99
238 100
240 101
242 102
243 103
248 104
252 105
253 106
256 107
257 108
258 109
259 110
260 111
261 112
264 113
266 114
267 115
268 116
271 117
275 118
278 119
282 120
283 121
285 122
288 123
290 124
292 125
297 126
302 127
303 128
304 129
308 130
312 131
313 132
320 133
323 134
326 135
327 136
328 137
332 138
334 139
335 140
336 141
337 142
342 143
344 144
345 145
347 146
350 147
353 148
354 149
355 150
362 151
363 152
364 153
366 154
370 155
372 156
373 157
375 158
376 159
378 160
381 161
384 162
386 163
387 164
388 165
392 166
401 167
416 168
419 169
424 170
428 171
434 172
435 173
436 174
437 175
438 176
439 177
442 178
443 179
446 180
452 181
456 182
457 183
459 184
460 185
468 186
470 187
471 188
475 189
476 190
477 191
478 192
483 193
486 194
490 195
491 196
492 197
493 198
494 199
495 200
496 201
497 202
498 203
499 204
500 205
501 206
503 207
504 208
508 209
510 210
511 211
513 212
515 213
519 214
521 215
523 216
525 217
526 218
527 219
528 220
531 221
533 222
535 223
536 224
537 225
539 226
541 227
544 228
545 229
547 230
551 231
556 232
557 233
559 234
560 235
562 236
564 237
568 238
570 239
573 240
574 241
576 242
577 243
578 244
581 245
582 246
583 247
587 248
588 249
590 250
592 251
595 252
596 253
601 254
604 255
605 256
607 257
610 258
616 259
618 260
619 261
620 262
623 263
629 264
633 265
635 266
638 267
648 268
649 269
654 270
658 271
660 272
662 273
668 274
680 275
682 276
685 277
703 278
716 279
718 280
723 281
724 282
729 283
730 284
736 285
740 286
750 287
751 288
775 289
776 290
783 291
786 292
799 293
819 294
821 295
825 296
830 297
837 298
842 299
845 300
853 301
854 302
855 303
859 304
868 305
875 306
877 307
878 308
879 309
887 310
900 311
909 312
912 313
914 314
916 315
921 316
925 317
931 318
946 319
947 320
956 321
959 322
970 323
974 324
986 325
989 326
991 327
997 328
1004 329
1007 330
1014 331
1044 332
1065 333
1067 334
1072 335
1073 336
1081 337
1098 338
1099 339
1104 340
1106 341
1107 342
1108 343
1122 344
1134 345
1149 346
1163 347
1167 348
1172 349
1174 350
1180 351
1186 352
1192 353
1198 354
1199 355
1201 356
1205 357
1214 358
1219 359
1234 360
1236 361
1245 362
1246 363
1249 364
1250 365
1255 366
1263 367
1269 368
1270 369
1274 370
1284 371
1316 372
1319 373
1322 374
1327 375
1336 376
1338 377
1341 378
1346 379
1358 380
1361 381
1362 382
1365 383
1369 384
1388 385
1398 386
1400 387
1405 388
1409 389
1410 390
1414 391
1416 392
1417 393
1432 394
1444 395
1458 396
1479 397
1482 398
1490 399
1499 400
1500 401
1521 402
1522 403
1527 404
1531 405
1537 406
1538 407
1539 408
1541 409
1542 410
1543 411
1545 412
1546 413
1548 414
1556 415
1574 416
1576 417
1594 418
1615 419
1619 420
1636 421
1641 422
1642 423
1648 424
1651 425
1657 426
1674 427
1678 428
1684 429
1694 430
1695 431
1696 432
1703 433
1711 434
1717 435
1738 436
1745 437
1759 438
1763 439
1766 440
1768 441
1769 442
1773 443
1777 444
1783 445
1786 446
1788 447
1797 448
1798 449
1800 450
1805 451
1810 452
1813 453
1834 454
1835 455
1841 456
1853 457
1880 458
1887 459
1895 460
1920 461
1922 462
1926 463
1930 464
1940 465
1941 466
1948 467
1960 468
1969 469
1972 470
1973 471
1974 472
1976 473
1977 474
1979 475
1984 476
1985 477
1990 478
1999 479
2000 480
2007 481
2028 482
2029 483
2033 484
2035 485
2038 486
2048 487
2049 488
2052 489
2058 490
2065 491
2080 492
2081 493
2082 494
2105 495
2112 496
2132 497
2141 498
2142 499
2149 500
2151 501
2156 502
2161 503
2190 504
2197 505
2225 506
2227 507
2238 508
2241 509
2242 510
2243 511
2245 512
2255 513
2261 514
2274 515
2275 516
2277 517
2278 518
2286 519
2289 520
2291 521
2306 522
2315 523
2319 524
2326 525
2337 526
2341 527
2349 528
2350 529
2356 530
2357 531
2366 532
2378 533
2389 534
2393 535
2401 536
2412 537
2428 538
2431 539
2433 540
2434 541
2438 542
2439 543
2441 544
2449 545
2454 546
2457 547
2460 548
2461 549
2462 550
2463 551
2464 552
2468 553
2481 554
2486 555
2489 556
2493 557
2502 558
2506 559
2508 560
2509 561
2514 562
2515 563
2518 564
2531 565
2539 566
2545 567
2560 568
2564 569
2565 570
2575 571
2577 572
2579 573
2583 574
2584 575
2587 576
2595 577
2603 578
2606 579
2612 580
2613 581
2614 582
2619 583
2620 584
2629 585
2631 586
2633 587
2634 588
2635 589
2637 590
2641 591
2646 592
2649 593
2651 594
2654 595
2657 596
2659 597
2660 598
2664 599
2671 600
2673 601
2676 602
2686 603
2704 604
2706 605
2713 606
2714 607
2715 608
2721 609
2727 610
2729 611
2736 612
2737 613
2745 614
2748 615
2754 616
2755 617
2758 618
2760 619
2763 620
2773 621
2780 622
2781 623
2783 624
2784 625
2798 626
2800 627
2805 628
2806 629
2809 630
2810 631
2814 632
2829 633
2830 634
2836 635
2838 636
2845 637
2846 638
2847 639
2852 640
2858 641
2859 642
2861 643
2862 644
2865 645
2870 646
2875 647
2882 648
2883 649
2893 650
2894 651
2896 652
2899 653
2900 654
2902 655
2904 656
2913 657
2918 658
2922 659
2927 660
2929 661
2930 662
2932 663
2940 664
2941 665
2947 666
2952 667
2955 668
2960 669
2962 670
2963 671
2964 672
2969 673
2972 674
2991 675
3002 676
3003 677
3005 678
3010 679
3011 680
3012 681
3018 682
3021 683
3023 684
3024 685
3030 686
3036 687
3044 688
3051 689
3053 690
3055 691
3058 692
3059 693
3070 694
3080 695
3085 696
3086 697
3089 698
3091 699
3092 700
3093 701
3105 702
3109 703
3118 704
3119 705
3121 706
3122 707
3123 708
3129 709
3132 710
3136 711
3138 712
3139 713
3141 714
3144 715
3145 716
3150 717
3155 718
3156 719
3160 720
3164 721
3165 722
3166 723
3171 724
3172 725
3175 726
3176 727
3183 728
3191 729
3197 730
3199 731
3200 732
3201 733
3205 734
3206 735
3207 736
3210 737
3213 738
3214 739
3222 740
3225 741
3229 742
3230 743
3233 744
3234 745
3235 746
3236 747
3237 748
3238 749
3242 750
3245 751
3247 752
3249 753
3252 754
3256 755
3258 756
3260 757
3267 758
3273 759
3279 760
3281 761
3283 762
3287 763
3298 764
3299 765
3301 766
3303 767
3304 768
3305 769
3314 770
3323 771
3325 772
3327 773
3328 774
3331 775
3337 776
3340 777
3344 778
3345 779
3350 780
3351 781
3354 782
3355 783
3358 784
3359 785
3360 786
3362 787
3372 788
3376 789
3378 790
3379 791
3380 792
3383 793
3386 794
3395 795
3396 796
3399 797
3400 798
3401 799
3403 800
3415 801
3418 802
3420 803
3422 804
3426 805
3430 806
3434 807
3439 808
3440 809
3441 810
3444 811
3453 812
3457 813
3459 814
3460 815
3463 816
3469 817
3476 818
3478 819
3480 820
3483 821
3485 822
3490 823
3493 824
3499 825
3526 826
3528 827
3529 828
3550 829
3554 830
3555 831
3557 832
3559 833
3568 834
3571 835
3574 836
3575 837
3578 838
3581 839
3584 840
3587 841
3590 842
3591 843
3592 844
3598 845
3599 846
3602 847
3605 848
3608 849
3609 850
3610 851
3611 852
3613 853
3615 854
3617 855
3619 856
3623 857
3624 858
3625 859
3626 860
3631 861
3634 862
3638 863
3639 864
3640 865
3643 866
3653 867
3655 868
3661 869
3662 870
3665 871
3667 872
3668 873
3670 874
3671 875
3673 876
3674 877
3675 878
3679 879
3682 880
3684 881
3689 882
3690 883
3691 884
3694 885
3695 886
3697 887
3698 888
3700 889
3703 890
3709 891
3711 892
3715 893
3716 894
3724 895
3725 896
3727 897
3730 898
3733 899
3736 900
3738 901
3742 902
3743 903
3745 904
3747 905
3751 906
3754 907
3756 908
3758 909
3759 910
3760 911
3762 912
3769 913
3771 914
3774 915
3776 916
3778 917
3791 918
3793 919
3800 920
3801 921
3806 922
3814 923
3817 924
3818 925
3819 926
3821 927
3822 928
3824 929
3827 930
3828 931
3829 932
3830 933
3833 934
3834 935
3835 936
3836 937
3837 938
3838 939
3840 940
3842 941
3843 942
3844 943
3845 944
3846 945
3847 946
3850 947
3852 948
3853 949
3855 950
3857 951
3859 952
3860 953
3861 954
3864 955
3865 956
3866 957
3869 958
3870 959
3876 960
3877 961
3878 962
3886 963
3887 964
3888 965
3891 966
3892 967
3895 968
3898 969
3899 970
3901 971
3903 972
3904 973
3908 974
3910 975
3912 976
3913 977
3914 978
3919 979
3920 980
3925 981
3927 982
3930 983
3933 984
3935 985
3936 986
3938 987
3941 988
3942 989
3944 990
3945 991
3947 992
3951 993
3961 994
3965 995
3967 996
3968 997
3969 998
3973 999
3977 1000
3978 1001
3981 1002
3985 1003
3988 1004
3989 1005
3991 1006
3992 1007
3993 1008
3997 1009
3998 1010
3999 1011
4002 1012
4003 1013
4005 1014
4008 1015
4012 1016
4015 1017
4016 1018
4018 1019
4024 1020
4026 1021
4027 1022
4028 1023
4030 1024
4039 1025
4045 1026
4055 1027
4057 1028
4064 1029
4065 1030
4066 1031
4071 1032
4072 1033
4073 1034
4076 1035
4077 1036
4078 1037
4082 1038
4084 1039
4090 1040
4092 1041
4098 1042
4103 1043
4104 1044
4112 1045
4113 1046
4116 1047
4117 1048
4120 1049
4133 1050
4135 1051
4140 1052
4141 1053
4142 1054
4146 1055
4150 1056
4151 1057
4152 1058
4153 1059
4154 1060
4156 1061
4161 1062
4163 1063
4165 1064
4167 1065
4174 1066
4176 1067
4177 1068
4183 1069
4185 1070
4187 1071
4189 1072
4192 1073
4195 1074
4196 1075
4198 1076
4206 1077
4210 1078
4211 1079
4216 1080
4217 1081
4222 1082
4225 1083
4226 1084
4229 1085
4236 1086
4245 1087
4251 1088
4288 1089
4299 1090
4306 1091
4308 1092
4310 1093
4311 1094
4318 1095
4319 1096
4321 1097
4323 1098
4331 1099
4332 1100
4348 1101
4349 1102
4358 1103
4359 1104
4361 1105
4362 1106
4363 1107
4368 1108
4370 1109
4382 1110
4383 1111
4390 1112
4394 1113
4398 1114
4402 1115
4405 1116
4428 1117
4435 1118
4447 1119
4451 1120
4458 1121
4465 1122
4467 1123
4479 1124
4485 1125
4487 1126
4492 1127
4494 1128
4511 1129
4513 1130
4516 1131
4517 1132
4521 1133
4523 1134
4528 1135
4529 1136
4533 1137
4539 1138
4559 1139
4560 1140
4564 1141
4571 1142
4572 1143
4576 1144
4579 1145
4580 1146
4584 1147
4585 1148
4586 1149
4587 1150
4590 1151
4593 1152
4594 1153
4595 1154
4598 1155
4599 1156
4600 1157
4602 1158
4603 1159
4604 1160
4609 1161
4611 1162
4616 1163
4617 1164
4620 1165
4623 1166
4626 1167
4627 1168
4628 1169
4629 1170
4630 1171
4631 1172
4632 1173
4633 1174
4634 1175
4636 1176
4638 1177
4640 1178
4641 1179
4645 1180
4647 1181
4648 1182
4652 1183
4653 1184
4657 1185
4659 1186
4664 1187
4665 1188
4666 1189
4667 1190
4674 1191
4676 1192
4677 1193
4678 1194
4679 1195
4684 1196
4686 1197
4687 1198
4688 1199
4690 1200
4691 1201
4699 1202
4702 1203
4703 1204
4704 1205
4705 1206
4706 1207
4712 1208
4714 1209
4717 1210
4720 1211
4723 1212
4724 1213
4726 1214
4735 1215
4736 1216
4741 1217
4743 1218
4744 1219
4746 1220
4752 1221
4756 1222
4761 1223
4764 1224
4771 1225
4780 1226
4781 1227
4784 1228
4785 1229
4788 1230
4790 1231
4792 1232
4794 1233
4797 1234
4799 1235
4801 1236
4804 1237
4806 1238
4807 1239
4809 1240
4810 1241
4813 1242
4814 1243
4817 1244
4821 1245
4826 1246
4831 1247
4832 1248
4836 1249
4838 1250
4840 1251
4844 1252
4848 1253
4850 1254
4852 1255
4858 1256
4859 1257
4864 1258
4865 1259
4867 1260
4875 1261
4879 1262
4883 1263
4888 1264
4890 1265
4893 1266
4895 1267
4896 1268
4897 1269
4902 1270
4903 1271
4904 1272
4905 1273
4906 1274
4907 1275
4913 1276
4918 1277
4920 1278
4922 1279
4925 1280
4928 1281
4929 1282
4930 1283
4932 1284
4936 1285
4937 1286
4938 1287
4943 1288
4944 1289
4952 1290
4954 1291
4955 1292
4967 1293
4969 1294
4972 1295
4977 1296
4978 1297
4982 1298
4985 1299
4987 1300
4989 1301
4991 1302
4996 1303
4998 1304
5001 1305
5002 1306
5006 1307
5014 1308
5015 1309
5018 1310
5021 1311
5023 1312
5027 1313
5048 1314
5049 1315
5064 1316
5072 1317
5106 1318
5109 1319
5112 1320
5119 1321
5120 1322
5121 1323
5123 1324
5124 1325
5125 1326
5131 1327
5132 1328
5136 1329
5137 1330
5138 1331
5139 1332
5141 1333
5142 1334
5143 1335
5144 1336
5145 1337
5146 1338
5147 1339
5148 1340
5150 1341
5152 1342
5155 1343
5156 1344
5159 1345
5175 1346
5177 1347
5179 1348
5180 1349
5188 1350
5192 1351
5193 1352
5200 1353
5204 1354
5209 1355
5213 1356
5215 1357
5216 1358
5219 1359
5221 1360
5222 1361
5228 1362
5230 1363
5231 1364
5235 1365
5236 1366
5237 1367
5238 1368
5241 1369
5242 1370
5243 1371
5244 1372
5246 1373
5247 1374
5252 1375
5253 1376
5261 1377
5262 1378
5263 1379
5264 1380
5267 1381
5268 1382
5269 1383
5270 1384
5272 1385
5273 1386
5274 1387
5275 1388
5277 1389
5280 1390
5283 1391
5284 1392
5285 1393
5292 1394
5294 1395
5303 1396
5308 1397
5315 1398
5316 1399
5320 1400
5322 1401
5327 1402
5332 1403
5338 1404
5341 1405
5345 1406
5351 1407
5353 1408
5355 1409
5361 1410
5364 1411
5365 1412
5366 1413
5373 1414
5375 1415
5383 1416
5384 1417
5385 1418
5395 1419
5402 1420
5406 1421
5409 1422
5413 1423
5424 1424
5430 1425
5432 1426
5438 1427
5439 1428
5440 1429
5441 1430
5453 1431
5454 1432
5462 1433
5463 1434
5493 1435
5504 1436
5510 1437
5512 1438
5518 1439
5530 1440
5533 1441
5548 1442
5554 1443
5557 1444
5559 1445
5562 1446
5576 1447
5601 1448
5607 1449
5609 1450
5611 1451
5617 1452
5631 1453
5642 1454
5646 1455
5648 1456
5653 1457
5654 1458
5655 1459
5657 1460
5658 1461
5661 1462
5662 1463
5663 1464
5664 1465
5665 1466
5666 1467
5667 1468
5669 1469
5670 1470
5671 1471
5673 1472
5674 1473
5675 1474
5676 1475
5677 1476
5678 1477
5681 1478
5683 1479
5687 1480
5689 1481
5692 1482
5693 1483
5694 1484
5695 1485
5696 1486
5697 1487
5698 1488
5699 1489
5701 1490
5703 1491
5705 1492
5710 1493
5711 1494
5712 1495
5714 1496
5715 1497
5716 1498
5717 1499
5718 1500
5719 1501
5722 1502
5725 1503
5726 1504
5727 1505
5728 1506
5729 1507
5732 1508
5733 1509
5734 1510
5735 1511
5736 1512
5737 1513
5738 1514
5739 1515
5740 1516
5742 1517
5743 1518
5745 1519
5746 1520
5748 1521
5749 1522
5750 1523
5751 1524
5753 1525
5754 1526
5757 1527
5758 1528
5759 1529
5762 1530
5763 1531
5764 1532
5767 1533
5768 1534
5770 1535
5773 1536
5781 1537
5784 1538
5788 1539
5795 1540
5798 1541
5808 1542
5812 1543
5817 1544
5819 1545
5822 1546
5828 1547
5829 1548
5837 1549
5845 1550
5851 1551
5862 1552
5882 1553
5884 1554
5888 1555
5941 1556
5943 1557
5949 1558
5958 1559
5968 1560
5970 1561
5990 1562
5992 1563
5993 1564
6002 1565
6022 1566
6031 1567
6044 1568
6046 1569
6047 1570
6075 1571
6076 1572
6079 1573
6080 1574
6084 1575
6087 1576
6089 1577
6090 1578
6110 1579
6111 1580
6112 1581
6113 1582
6114 1583
6116 1584
6117 1585
6118 1586
6119 1587
6120 1588
6122 1589
6123 1590
6124 1591
6125 1592
6126 1593
6127 1594
6131 1595
6133 1596
6134 1597
6135 1598
6136 1599
6137 1600
6138 1601
6139 1602
6140 1603
6142 1604
6144 1605
6146 1606
6150 1607
6152 1608
6153 1609
6155 1610
6156 1611
6157 1612
6159 1613
6160 1614
6162 1615
6168 1616
6211 1617
6215 1618
6220 1619
6230 1620
6233 1621
6239 1622
6243 1623
6248 1624
6251 1625
6254 1626
6257 1627
6258 1628
6264 1629
6274 1630
6278 1631
6280 1632
6288 1633
6290 1634
6291 1635
6296 1636
6299 1637
6303 1638
6311 1639
6319 1640
6320 1641
6322 1642
6326 1643
6335 1644
6341 1645
6351 1646
6364 1647
6379 1648
6380 1649
6388 1650
6389 1651
6404 1652
6423 1653
6424 1654
6425 1655
6439 1656
6447 1657
6477 1658
6481 1659
6484 1660
6488 1661
6490 1662
6498 1663
6503 1664
6507 1665
6510 1666
6520 1667
6524 1668
6528 1669
6530 1670
6535 1671
6539 1672
6540 1673
6544 1674
6547 1675
6549 1676
6550 1677
6564 1678
6570 1679
6572 1680
6578 1681
6581 1682
6588 1683
6591 1684
6592 1685
6594 1686
6598 1687
6608 1688
6609 1689
6639 1690
6641 1691
6672 1692
6676 1693
6688 1694
6691 1695
6701 1696
6703 1697
6704 1698
6707 1699
6711 1700
6714 1701
6716 1702
6719 1703
6725 1704
6732 1705
6733 1706
6735 1707
6738 1708
6739 1709
6740 1710
6742 1711
6743 1712
6745 1713
6746 1714
6763 1715
6797 1716
6798 1717
6812 1718
6823 1719
6827 1720
6860 1721
6889 1722
6890 1723
6930 1724
7010 1725
7039 1726
7074 1727
7086 1728
7124 1729
7135 1730
7147 1731
7170 1732
7175 1733
7202 1734
7207 1735
7247 1736
7250 1737
7273 1738
7275 1739
7276 1740
7277 1741
7286 1742
7287 1743
7289 1744
7290 1745
7291 1746
7292 1747
7293 1748
7296 1749
7301 1750
7307 1751
7313 1752
7315 1753
7318 1754
7319 1755
7323 1756
7334 1757
7352 1758
7358 1759
7370 1760
7389 1761
7414 1762
7429 1763
7451 1764
7466 1765
7473 1766
7499 1767
7532 1768
7557 1769
7558 1770
7573 1771
7578 1772
7602 1773
7614 1774
7641 1775
7655 1776
7661 1777
7667 1778
7706 1779
7729 1780
7751 1781
7758 1782
7759 1783
7838 1784
7857 1785
7894 1786
7900 1787
7902 1788
7914 1789
7915 1790
7916 1791
7917 1792
7938 1793
7958 1794
7964 1795
7971 1796
7990 1797
7991 1798
8042 1799
8047 1800
8048 1801
8055 1802
8059 1803
8071 1804
8075 1805
8078 1806
8083 1807
8088 1808
8090 1809
8091 1810
8092 1811
8094 1812
8097 1813
8099 1814
8101 1815
8102 1816
8103 1817
8109 1818
8110 1819
8113 1820
8114 1821
8115 1822
8118 1823
8119 1824
8122 1825
8125 1826
8126 1827
8129 1828
8130 1829
8145 1830
8149 1831
8150 1832
8151 1833
8154 1834
8157 1835
8158 1836
8166 1837
8174 1838
8179 1839
8182 1840
8201 1841
8207 1842
8213 1843
8225 1844
8231 1845
8236 1846
8237 1847
8250 1848
8266 1849
8299 1850
8300 1851
8313 1852
8317 1853
8325 1854
8341 1855
8343 1856
8344 1857
8357 1858
8365 1859
8370 1860
8375 1861
8379 1862
8399 1863
8410 1864
8415 1865
8448 1866
8452 1867
8493 1868
8497 1869
8500 1870
8540 1871
8579 1872
8588 1873
8598 1874
8601 1875
8612 1876
8626 1877
8628 1878
8643 1879
8658 1880
8666 1881
8670 1882
8692 1883
8703 1884
8713 1885
8718 1886
8720 1887
8723 1888
8726 1889
8728 1890
8729 1891
8731 1892
8734 1893
8736 1894
8737 1895
8738 1896
8739 1897
8740 1898
8741 1899
8743 1900
8744 1901
8746 1902
8747 1903
8748 1904
8749 1905
8752 1906
8753 1907
8756 1908
8759 1909
8761 1910
8762 1911
8763 1912
8767 1913
8768 1914
8772 1915
8773 1916
8774 1917
8782 1918
8787 1919
8797 1920
8799 1921
8801 1922
8804 1923
8805 1924
8807 1925
8808 1926
8809 1927
8810 1928
8811 1929
8812 1930
8813 1931
8815 1932
8821 1933
8822 1934
8823 1935
8824 1936
8825 1937
8826 1938
8828 1939
8831 1940
8833 1941
8838 1942
8839 1943
8840 1944
8843 1945
8844 1946
8845 1947
8846 1948
8847 1949
8849 1950
8850 1951
8852 1952
8853 1953
8856 1954
8857 1955
8860 1956
8862 1957
8863 1958
8864 1959
8865 1960
8867 1961
8870 1962
8897 1963
8917 1964
8922 1965
8930 1966
8933 1967
8941 1968
8957 1969
8963 1970
8971 1971
8978 1972
9009 1973
9011 1974
9024 1975
9032 1976
9041 1977
9043 1978
9144 1979
9145 1980
9148 1981
9152 1982
9155 1983
9156 1984
9158 1985
9159 1986
9175 1987
9188 1988
9204 1989
9213 1990
9216 1991
9237 1992
9238 1993
9243 1994
9250 1995
9252 1996
9257 1997
9259 1998
9261 1999
9262 2000
9263 2001
9268 2002
9270 2003
9275 2004
9279 2005
9280 2006
9282 2007
9283 2008
9285 2009
9286 2010
9287 2011
9292 2012
9294 2013
9298 2014
9301 2015
9302 2016
9305 2017
9321 2018
9340 2019
9346 2020
9350 2021
9351 2022
9352 2023
9395 2024
9403 2025
9434 2026
9439 2027
9515 2028
9541 2029
9577 2030
9591 2031
9609 2032
9614 2033
9619 2034
9627 2035
9629 2036
9631 2037
9637 2038
9643 2039
9728 2040
9733 2041
9746 2042
9755 2043
9767 2044
9793 2045
9794 2046
9797 2047
9800 2048
9801 2049
9804 2050
9806 2051
9807 2052
9808 2053
9809 2054
9814 2055
9815 2056
9816 2057
9818 2058
9819 2059
9820 2060
9823 2061
9826 2062
9832 2063
9833 2064
9834 2065
9835 2066
9856 2067
9859 2068
9861 2069
9864 2070
9867 2071
9932 2072
9959 2073
9964 2074
9967 2075
9976 2076
9977 2077
9979 2078
9980 2079
10100 2080
10107 2081
10151 2082
10152 2083
10153 2084
10155 2085
10156 2086
10157 2087
10158 2088
10159 2089
10161 2090
10162 2091
10163 2092
10164 2093
10167 2094
10168 2095
10171 2096
10172 2097
10173 2098
10175 2099
10176 2100
10179 2101
10182 2102
10184 2103
10185 2104
10190 2105
10191 2106
10192 2107
10193 2108
10195 2109
10196 2110
10198 2111
10199 2112
10200 2113
10202 2114
10204 2115
10206 2116
10216 2117
10218 2118
10220 2119
10221 2120
10222 2121
10223 2122
10224 2123
10226 2124
10228 2125
10229 2126
10230 2127
10231 2128
10233 2129
10238 2130
10241 2131
10242 2132
10245 2133
10246 2134
10248 2135
10251 2136
10252 2137
10253 2138
10260 2139
10264 2140
10267 2141
10269 2142
10270 2143
10273 2144
10274 2145
10275 2146
10276 2147
10281 2148
10282 2149
10283 2150
10284 2151
10285 2152
10286 2153
10287 2154
10288 2155
10290 2156
10294 2157
10295 2158
10298 2159
10299 2160
10300 2161
10302 2162
10303 2163
10310 2164
10312 2165
10316 2166
10317 2167
10318 2168
10331 2169
10351 2170
10354 2171
10357 2172
10361 2173
10368 2174
10370 2175
10375 2176
10378 2177
10379 2178
10383 2179
10385 2180
10388 2181
10393 2182
10396 2183
10410 2184
10412 2185
10433 2186
10436 2187
10441 2188
10446 2189
10450 2190
10451 2191
10459 2192
10485 2193
10489 2194
10490 2195
10492 2196
10493 2197
10499 2198
10501 2199
10507 2200
10515 2201
10520 2202
10523 2203
10525 2204
10533 2205
10542 2206
10544 2207
10545 2208
10548 2209
10550 2210
10551 2211
10555 2212
10557 2213
10559 2214
10560 2215
10565 2216
10567 2217
10568 2218
10569 2219
10573 2220
10578 2221
10635 2222
10636 2223
10638 2224
10639 2225
10640 2226
10641 2227
10642 2228
10643 2229
10647 2230
10648 2231
10651 2232
10687 2233
10695 2234
10697 2235
10702 2236
10709 2237
10711 2238
10712 2239
10714 2240
10715 2241
10717 2242
10718 2243
10719 2244
10720 2245
10721 2246
10722 2247
10723 2248
10726 2249
10727 2250
10729 2251
10730 2252
10731 2253
10732 2254
10733 2255
10734 2256
10735 2257
10736 2258
10737 2259
10738 2260
10739 2261
10740 2262
10741 2263
10742 2264
10743 2265
10744 2266
10748 2267
10750 2268
10751 2269
10752 2270
10754 2271
10755 2272
10756 2273
10757 2274
10758 2275
10759 2276
10760 2277
10761 2278
10762 2279
10763 2280
10765 2281
10794 2282
10796 2283
10803 2284
10805 2285
10810 2286
10811 2287
10812 2288
10816 2289
10818 2290
10820 2291
10821 2292
10822 2293
10823 2294
10825 2295
10826 2296
10828 2297
10829 2298
10830 2299
10831 2300
10832 2301
10833 2302
10836 2303
10837 2304
10838 2305
10900 2306
10962 2307
10974 2308
10980 2309
10988 2310
10996 2311
11009 2312
11015 2313
11016 2314
11017 2315
11018 2316
11019 2317
11020 2318
11021 2319
11023 2320
11026 2321
11027 2322
11029 2323
11030 2324
11033 2325
11035 2326
11036 2327
11038 2328
11043 2329
11044 2330
11046 2331
11050 2332
11052 2333
11053 2334
11054 2335
11055 2336
11056 2337
11058 2338
11059 2339
11060 2340
11061 2341
11066 2342
11067 2343
11069 2344
11070 2345
11072 2346
11075 2347
11077 2348
11079 2349
11081 2350
11086 2351
11090 2352
11091 2353
11092 2354
11094 2355
11095 2356
11096 2357
11097 2358
11100 2359
11102 2360
11103 2361
11104 2362
11106 2363
11107 2364
11109 2365
11111 2366
11112 2367
11120 2368
11123 2369
11129 2370
11131 2371
11133 2372
11137 2373
11138 2374
11139 2375
11140 2376
11143 2377
11144 2378
11145 2379
11153 2380
11154 2381
11155 2382
11158 2383
11161 2384
11163 2385
11165 2386
11166 2387
11167 2388
11169 2389
11174 2390
11177 2391
11180 2392
11182 2393
11183 2394
11184 2395
11194 2396
11197 2397
11200 2398
11202 2399
11203 2400
11204 2401
11205 2402
11206 2403
11210 2404
11212 2405
11215 2406
11216 2407
11218 2408
11219 2409
11220 2410
11223 2411
11226 2412
11227 2413
11235 2414
11238 2415
11241 2416
11243 2417
11246 2418
11247 2419
11249 2420
11250 2421
11251 2422
11255 2423
11258 2424
11261 2425
11262 2426
11263 2427
11266 2428
11267 2429
11268 2430
11270 2431
11274 2432
11275 2433
11280 2434
11283 2435
11284 2436
11288 2437
11292 2438
11294 2439
11295 2440
11296 2441
11298 2442
11299 2443
11300 2444
11301 2445
11305 2446
11306 2447
11308 2448
11310 2449
11314 2450
11315 2451
11318 2452
11319 2453
11321 2454
11323 2455
11330 2456
11331 2457
11333 2458
11336 2459
11337 2460
11339 2461
11341 2462
11345 2463
11350 2464
11351 2465
11353 2466
11357 2467
11358 2468
11359 2469
11360 2470
11361 2471
11362 2472
11364 2473
11365 2474
11372 2475
11379 2476
11380 2477
11382 2478
11390 2479
11391 2480
11393 2481
11395 2482
11399 2483
11400 2484
11403 2485
11417 2486
11420 2487
11520 2488
11522 2489
11556 2490
11570 2491
11574 2492
11577 2493
11586 2494
11591 2495
11601 2496
11608 2497
11611 2498
11613 2499
11626 2500
11627 2501
11633 2502
11646 2503
11671 2504
11673 2505
11695 2506
11697 2507
11702 2508
11713 2509
11718 2510
11754 2511
11759 2512
11769 2513
11783 2514
11788 2515
11831 2516
11873 2517
11886 2518
11950 2519
11991 2520
12010 2521
12012 2522
12017 2523
12020 2524
12023 2525
12027 2526
12030 2527
12033 2528
12035 2529
12038 2530
12039 2531
12040 2532
12043 2533
12044 2534
12047 2535
12049 2536
12050 2537
12051 2538
12052 2539
12054 2540
12058 2541
12060 2542
12062 2543
12064 2544
12066 2545
12068 2546
12069 2547
12072 2548
12073 2549
12076 2550
12078 2551
12081 2552
12082 2553
12084 2554
12086 2555
12088 2556
12090 2557
12092 2558
12093 2559
12094 2560
12098 2561
12102 2562
12103 2563
12107 2564
12108 2565
12109 2566
12111 2567
12116 2568
12118 2569
12120 2570
12121 2571
12125 2572
12126 2573
12127 2574
12130 2575
12131 2576
12133 2577
12137 2578
12144 2579
12145 2580
12146 2581
12178 2582
12302 2583
12310 2584
12316 2585
12320 2586
12321 2587
12332 2588
12333 2589
12370 2590
12383 2591
12395 2592
12433 2593
12501 2594
12531 2595
12533 2596
12536 2597
12560 2598
12604 2599
12617 2600
12624 2601
12654 2602
12665 2603
12693 2604
12695 2605
12705 2606
12719 2607
12729 2608
12739 2609
12748 2610
12758 2611
12776 2612
12777 2613
12784 2614
12788 2615
12804 2616
12825 2617
12835 2618
12849 2619
12859 2620
12864 2621
12876 2622
12898 2623
12918 2624
12933 2625
12935 2626
12937 2627
12939 2628
12949 2629
12957 2630
12974 2631
12985 2632
12986 2633
12999 2634
13028 2635
13052 2636
13057 2637
13088 2638
13090 2639
13105 2640
13114 2641
13128 2642
13137 2643
13181 2644
13207 2645
13233 2646
13234 2647
13236 2648
13238 2649
13239 2650
13241 2651
13242 2652
13243 2653
13244 2654
13248 2655
13249 2656
13255 2657
13256 2658
13261 2659
13263 2660
13265 2661
13266 2662
13267 2663
13268 2664
13269 2665
13270 2666
13273 2667
13274 2668
13275 2669
13280 2670
13283 2671
13287 2672
13292 2673
13298 2674
13301 2675
13307 2676
13309 2677
13312 2678
13316 2679
13320 2680
13322 2681
13333 2682
13335 2683
13336 2684
13337 2685
13338 2686
13339 2687
13341 2688
13342 2689
13344 2690
13346 2691
13353 2692
13356 2693
13357 2694
13358 2695
13364 2696
13368 2697
13370 2698
13374 2699
13379 2700
13381 2701
13384 2702
13386 2703
13388 2704
13389 2705
13392 2706
13394 2707
13395 2708
13397 2709
13399 2710
13400 2711
13405 2712
13411 2713
13501 2714
13525 2715
13549 2716
13622 2717
13638 2718
13639 2719
13646 2720
13679 2721
13691 2722
13705 2723
13763 2724
13770 2725
13772 2726
13786 2727
13800 2728
13827 2729
13849 2730
13868 2731
13903 2732
14155 2733
14303 2734
14408 2735
14412 2736
14446 2737
14447 2738
14495 2739
14506 2740
14522 2741
14523 2742
14547 2743
14560 2744
14570 2745
14603 2746
14606 2747
14654 2748
14682 2749
14720 2750
14745 2751
14779 2752
14799 2753
14800 2754
14802 2755
14813 2756
14814 2757
14815 2758
14851 2759
14865 2760
14869 2761
14874 2762
14877 2763
14903 2764
14906 2765
14921 2766
14932 2767
14939 2768
14940 2769
14970 2770
14971 2771
15002 2772
15026 2773
15064 2774
15067 2775
15072 2776
15083 2777
15094 2778
15117 2779
15118 2780
15119 2781
15149 2782
15171 2783
15183 2784
15187 2785
15189 2786
15193 2787
15207 2788
15242 2789
15249 2790
15257 2791
15259 2792
15269 2793
15270 2794
15284 2795
15286 2796
15288 2797
15298 2798
15302 2799
15320 2800
15324 2801
15331 2802
15342 2803
15349 2804
15381 2805
15401 2806
15409 2807
15418 2808
15454 2809
15466 2810
15474 2811
15486 2812
15504 2813
15505 2814
15543 2815
15584 2816
15594 2817
15609 2818
15614 2819
15659 2820
15669 2821
15723 2822
15741 2823
15798 2824
15878 2825
15890 2826
15927 2827
15935 2828
15950 2829
15991 2830
16083 2831
16099 2832
16105 2833
16127 2834
16146 2835
16158 2836
16163 2837
16182 2838
16191 2839
16211 2840
16218 2841
16221 2842
16222 2843
16236 2844
16259 2845
16274 2846
16277 2847
16303 2848
16305 2849
16311 2850
16328 2851
16354 2852
16356 2853
16377 2854
16385 2855
16386 2856
16415 2857
16417 2858
16418 2859
16428 2860
16429 2861
16431 2862
16432 2863
16458 2864
16473 2865
16477 2866
16484 2867
16488 2868
16509 2869
16510 2870
16544 2871
16547 2872
16580 2873
16581 2874
16588 2875
16615 2876
16649 2877
16660 2878
16662 2879
16664 2880
16691 2881
16717 2882
16754 2883
16755 2884
16758 2885
16774 2886
16776 2887
16795 2888
16802 2889
16803 2890
16835 2891
16864 2892
16866 2893
16903 2894
16914 2895
16915 2896
16931 2897
16995 2898
17030 2899
17035 2900
17054 2901
17076 2902
17085 2903
17086 2904
17121 2905
17193 2906
17203 2907
17205 2908
17207 2909
17276 2910
17316 2911
17334 2912
17340 2913
17344 2914
17354 2915
17423 2916
17426 2917
17438 2918
17492 2919
17508 2920
17517 2921
17521 2922
17547 2923
17552 2924
17592 2925
17594 2926
17610 2927
17611 2928
17641 2929
17657 2930
17663 2931
17713 2932
17720 2933
17763 2934
17765 2935
17793 2936
17803 2937
17820 2938
17829 2939
17835 2940
17896 2941
17898 2942
17904 2943
17908 2944
17928 2945
17948 2946
17958 2947
17990 2948
18047 2949
18054 2950
18062 2951
18066 2952
18069 2953
18162 2954
18167 2955
18180 2956
18190 2957
18199 2958
18217 2959
18232 2960
18235 2961
18263 2962
18293 2963
18303 2964
18309 2965
18315 2966
18324 2967
18325 2968
18337 2969
18341 2970
18350 2971
18351 2972
18367 2973
18368 2974
18371 2975
18383 2976
18385 2977
18391 2978
18399 2979
18403 2980
18412 2981
18431 2982
18464 2983
18504 2984
18512 2985
18517 2986
18524 2987
18532 2988
18549 2989
18584 2990
18605 2991
18611 2992
18614 2993
18634 2994
18668 2995
18669 2996
18683 2997
18715 2998
18750 2999
18790 3000
18813 3001
18823 3002
18830 3003
18871 3004
18876 3005
18882 3006
18898 3007
18929 3008
18941 3009
18974 3010
18980 3011
18987 3012
18993 3013
19018 3014
19019 3015
19020 3016
19026 3017
19038 3018
19061 3019
19078 3020
19084 3021
19096 3022
19124 3023
19126 3024
19138 3025
19139 3026
19161 3027
19163 3028
19179 3029
19198 3030
19204 3031
19208 3032
19227 3033
19228 3034
19266 3035
19268 3036
19272 3037
19277 3038
19288 3039
19296 3040
19298 3041
19308 3042
19319 3043
19346 3044
19349 3045
19368 3046
19378 3047
19388 3048
19391 3049
19401 3050
19402 3051
19404 3052
19442 3053
19459 3054
19463 3055
19499 3056
19537 3057
19541 3058
19544 3059
19566 3060
19570 3061
19571 3062
19574 3063
19577 3064
19585 3065
19601 3066
19645 3067
19647 3068
19661 3069
19675 3070
19676 3071
19701 3072
19710 3073
19723 3074
19743 3075
19744 3076
19755 3077
19761 3078
19765 3079
19826 3080
19839 3081
19842 3082
19877 3083
19878 3084
19890 3085
19897 3086
19904 3087
19911 3088
19937 3089
19950 3090
19965 3091
19994 3092
20001 3093
20025 3094
20027 3095
20072 3096
20104 3097
20142 3098
20153 3099
20234 3100
20241 3101
20247 3102
20266 3103
20308 3104
20332 3105
20356 3106
20372 3107
20452 3108
20453 3109
20459 3110
20481 3111
20494 3112
20531 3113
20535 3114
20573 3115
20582 3116
20600 3117
20625 3118
20644 3119
20647 3120
20679 3121
20748 3122
20765 3123
20872 3124
20989 3125
21029 3126
21036 3127
21047 3128
21081 3129
21089 3130
21097 3131
21114 3132
21165 3133
21171 3134
21172 3135
21176 3136
21244 3137
21261 3138
21270 3139
21307 3140
21329 3141
21389 3142
21489 3143
21502 3144
21504 3145
21562 3146
21563 3147
21593 3148
21599 3149
21601 3150
21619 3151
21639 3152
21647 3153
21665 3154
21688 3155
21718 3156
21757 3157
21768 3158
21938 3159
21940 3160
21945 3161
22006 3162
22010 3163
22018 3164
22026 3165
22028 3166
22030 3167
22035 3168
22037 3169
22071 3170
22075 3171
22089 3172
22091 3173
22092 3174
22094 3175
22095 3176
22096 3177
22098 3178
22099 3179
22100 3180
22110 3181
22116 3182
22123 3183
22126 3184
22130 3185
22131 3186
22134 3187
22135 3188
22137 3189
22141 3190
22142 3191
22143 3192
22144 3193
22148 3194
22172 3195
22201 3196
22210 3197
22265 3198
22268 3199
22283 3200
22319 3201
22326 3202
22364 3203
22401 3204
22406 3205
22418 3206
22490 3207
22497 3208
22499 3209
22500 3210
22501 3211
22502 3212
22503 3213
22504 3214
22506 3215
22522 3216
22523 3217
22526 3218
22527 3219
22529 3220
22531 3221
22532 3222
22535 3223
22542 3224
22543 3225
22546 3226
22548 3227
22554 3228
22561 3229
22564 3230
22565 3231
22569 3232
22582 3233
22589 3234
22592 3235
22595 3236
22603 3237
22604 3238
22607 3239
22608 3240
22612 3241
22617 3242
22619 3243
22620 3244
22621 3245
22623 3246
22624 3247
22627 3248
22628 3249
22630 3250
22631 3251
22632 3252
22639 3253
22658 3254
22668 3255
22676 3256
22679 3257
22681 3258
22682 3259
22723 3260
22739 3261
22743 3262
22756 3263
22771 3264
22790 3265
22791 3266
22796 3267
22800 3268
22801 3269
22810 3270
22812 3271
22815 3272
22844 3273
22855 3274
22856 3275
22857 3276
22862 3277
22864 3278
22867 3279
22869 3280
22956 3281
23040 3282
23045 3283
23047 3284
23109 3285
23112 3286
23113 3287
23119 3288
23131 3289
23150 3290
23159 3291
23181 3292
23202 3293
23215 3294
23217 3295
23229 3296
23252 3297
23255 3298
23274 3299
23275 3300
23304 3301
23313 3302
23322 3303
23323 3304
23324 3305
23327 3306
23328 3307
23385 3308
23404 3309
23406 3310
23414 3311
23418 3312
23426 3313
23510 3314
23514 3315
23519 3316
23520 3317
23521 3318
23522 3319
23525 3320
23527 3321
23534 3322
23536 3323
23540 3324
23557 3325
23631 3326
23638 3327
23645 3328
23646 3329
23648 3330
23649 3331
23651 3332
23663 3333
23665 3334
23681 3335
23754 3336
23799 3337
23850 3338
23913 3339
23952 3340
23961 3341
23968 3342
23986 3343
23989 3344
23990 3345
23999 3346
24003 3347
24008 3348
24009 3349
24010 3350
24011 3351
24012 3352
24013 3353
24016 3354
24019 3355
24024 3356
24025 3357
24029 3358
24034 3359
24041 3360
24044 3361
24060 3362
24062 3363
24074 3364
24088 3365
24098 3366
24101 3367
24117 3368
24119 3369
24127 3370
24131 3371
24143 3372
24153 3373
24155 3374
24167 3375
24172 3376
24175 3377
24178 3378
24184 3379
24188 3380
24189 3381
24190 3382
24200 3383
24202 3384
24230 3385
24254 3386
24266 3387
24276 3388
24283 3389
24286 3390
24287 3391
24299 3392
24313 3393
24322 3394
24329 3395
24334 3396
24337 3397
24343 3398
24358 3399
24378 3400
24394 3401
24395 3402
24396 3403
24411 3404
24474 3405
24591 3406
24598 3407
24603 3408
24630 3409
24650 3410
24672 3411
24673 3412
24684 3413
24690 3414
24709 3415
24711 3416
24712 3417
24770 3418
24787 3419
24794 3420
24834 3421
24845 3422
24861 3423
24876 3424
24877 3425
24889 3426
24938 3427
24939 3428
24941 3429
24943 3430
24949 3431
24951 3432
24952 3433
24953 3434
24956 3435
24957 3436
24959 3437
24961 3438
24962 3439
24963 3440
24965 3441
24966 3442
24968 3443
24976 3444
24977 3445
24980 3446
24981 3447
25100 3448
25114 3449
25116 3450
25119 3451
25133 3452
25134 3453
25136 3454
25142 3455
25159 3456
25175 3457
25184 3458
25185 3459
25186 3460
25188 3461
25200 3462
25201 3463
25300 3464
25328 3465
25338 3466
25339 3467
25340 3468
25342 3469
25344 3470
25348 3471
25360 3472
25368 3473
25370 3474
25382 3475
25436 3476
25473 3477
25487 3478
25497 3479
25502 3480
25521 3481
25650 3482
25651 3483
25654 3484
25655 3485
25668 3486
25686 3487
25687 3488
25716 3489
25722 3490
25837 3491
25853 3492
25856 3493
25861 3494
25862 3495
25864 3496
25888 3497
25889 3498
25890 3499
25891 3500
25894 3501
25896 3502
25900 3503
25905 3504
25909 3505
25920 3506
25921 3507
25942 3508
25965 3509
25971 3510
26027 3511
26065 3512
26130 3513
26150 3514
26174 3515
26184 3516
26197 3517
26243 3518
26265 3519
26267 3520
26285 3521
26286 3522
26313 3523
26317 3524
26352 3525
26356 3526
26385 3527
26457 3528
26501 3529
26527 3530
26558 3531
26616 3532
26631 3533
26650 3534
26663 3535
26676 3536
26688 3537
26699 3538
26716 3539
26738 3540
26746 3541
26762 3542
26799 3543
26802 3544
26864 3545
26872 3546
26897 3547
26902 3548
26928 3549
26976 3550
27036 3551
27047 3552
27236 3553
27250 3554
27302 3555
27308 3556
27338 3557
27387 3558
27391 3559
27402 3560
27422 3561
27522 3562
27543 3563
27579 3564
27584 3565
27616 3566
27638 3567
27713 3568
27720 3569
27811 3570
27825 3571
27832 3572
27846 3573
27889 3574
27901 3575
27918 3576
27921 3577
27948 3578
27959 3579
27968 3580
28060 3581
28087 3582
28093 3583
28094 3584
28103 3585
28104 3586
28120 3587
28140 3588
28213 3589
28220 3590
28228 3591
28296 3592
28319 3593
28348 3594
28355 3595
28360 3596
28370 3597
28372 3598
28386 3599
28391 3600
28423 3601
28438 3602
28440 3603
28465 3604
28494 3605
28495 3606
28496 3607
28498 3608
28522 3609
28525 3610
28565 3611
28602 3612
28610 3613
28616 3614
28617 3615
28625 3616
28635 3617
28693 3618
28769 3619
28775 3620
28776 3621
28793 3622
28794 3623
28817 3624
28840 3625
28875 3626
28887 3627
28892 3628
28897 3629
28906 3630
28907 3631
28917 3632
28927 3633
28938 3634
28944 3635
28957 3636
28961 3637
28974 3638
28983 3639
28984 3640
28989 3641
29002 3642
29009 3643
29019 3644
29023 3645
29046 3646
29066 3647
29068 3648
29073 3649
29088 3650
29091 3651
29098 3652
29123 3653
29134 3654
29139 3655
29145 3656
29149 3657
29151 3658
29159 3659
29210 3660
29211 3661
29214 3662
29231 3663
29242 3664
29284 3665
29310 3666
29319 3667
29324 3668
29325 3669
29328 3670
29344 3671
29346 3672
29353 3673
29358 3674
29400 3675
29418 3676
29427 3677
29442 3678
29479 3679
29504 3680
29542 3681
29544 3682
29557 3683
29561 3684
29578 3685
29616 3686
29669 3687
29673 3688
29702 3689
29711 3690
29720 3691
29722 3692
29776 3693
29783 3694
29787 3695
29823 3696
29831 3697
29862 3698
29886 3699
29910 3700
29913 3701
29935 3702
29949 3703
29972 3704
29986 3705
30147 3706
30160 3707
30183 3708
30187 3709
30250 3710
30267 3711
30294 3712
30308 3713
30309 3714
30312 3715
30344 3716
30349 3717
30386 3718
30399 3719
30416 3720
30470 3721
30510 3722
30514 3723
30527 3724
30542 3725
30585 3726
30587 3727
30602 3728
30617 3729
30656 3730
30658 3731
30710 3732
30715 3733
30752 3734
30814 3735
30824 3736
30831 3737
30962 3738
30970 3739
30995 3740
31011 3741
31015 3742
31097 3743
31149 3744
31216 3745
31227 3746
31229 3747
31301 3748
31349 3749
31389 3750
31417 3751
31423 3752
31424 3753
31426 3754
31445 3755
31456 3756
31458 3757
31460 3758
31466 3759
31469 3760
31475 3761
31483 3762
31486 3763
31487 3764
31490 3765
31495 3766
31527 3767
31532 3768
31568 3769
31576 3770
31583 3771
31585 3772
31587 3773
31588 3774
31590 3775
31591 3776
31592 3777
31593 3778
31594 3779
31595 3780
31601 3781
31602 3782
31603 3783
31604 3784
31606 3785
31607 3786
31608 3787
31609 3788
31612 3789
31615 3790
31619 3791
31620 3792
31623 3793
31624 3794
31629 3795
31633 3796
31634 3797
31635 3798
31636 3799
31642 3800
31649 3801
31650 3802
31652 3803
31654 3804
31657 3805
31662 3806
31691 3807
31707 3808
31713 3809
31733 3810
31741 3811
31758 3812
31767 3813
31775 3814
31780 3815
31789 3816
31791 3817
31792 3818
31814 3819
31817 3820
31831 3821
31833 3822
31834 3823
31839 3824
31843 3825
31853 3826
31856 3827
31858 3828
31861 3829
31863 3830
31865 3831
31868 3832
31905 3833
31924 3834
31926 3835
31935 3836
31961 3837
31970 3838
31977 3839
31990 3840
31994 3841
32010 3842
32015 3843
32025 3844
32038 3845
32044 3846
32048 3847
32087 3848
32098 3849
32103 3850
32116 3851
32121 3852
32125 3853
32127 3854
32128 3855
32129 3856
32150 3857
32161 3858
32162 3859
32163 3860
32164 3861
32165 3862
32166 3863
32169 3864
32170 3865
32171 3866
32174 3867
32178 3868
32196 3869
32204 3870
32212 3871
32219 3872
32229 3873
32231 3874
32234 3875
32241 3876
32255 3877
32260 3878
32278 3879
32288 3880
32300 3881
32303 3882
32320 3883
32324 3884
32332 3885
32349 3886
32354 3887
32358 3888
32365 3889
32373 3890
32374 3891
32387 3892
32389 3893
32391 3894
32394 3895
32398 3896
32404 3897
32408 3898
32414 3899
32419 3900
32428 3901
32429 3902
32434 3903
32444 3904
32448 3905
32471 3906
32475 3907
32482 3908
32484 3909
32485 3910
32490 3911
32498 3912
32502 3913
32503 3914
32509 3915
32522 3916
32529 3917
32530 3918
32543 3919
32560 3920
32588 3921
32595 3922
32617 3923
32628 3924
32634 3925
32637 3926
32640 3927
32650 3928
32658 3929
32660 3930
32661 3931
32663 3932
32667 3933
32675 3934
32681 3935
32682 3936
32683 3937
32687 3938
32689 3939
32700 3940
32721 3941
32724 3942
32729 3943
32734 3944
32743 3945
32761 3946
32763 3947
32764 3948
32768 3949
32772 3950
32776 3951
32797 3952
32801 3953
32808 3954
32812 3955
32821 3956
32824 3957
32838 3958
32856 3959
32860 3960
32870 3961
32888 3962
32889 3963
32891 3964
32900 3965
32909 3966
32919 3967
32930 3968
32941 3969
32943 3970
32976 3971
32983 3972
32991 3973
33003 3974
33004 3975
33015 3976
33016 3977
33019 3978
33027 3979
33029 3980
33031 3981
33041 3982
33053 3983
33067 3984
33068 3985
33071 3986
33072 3987
33074 3988
33081 3989
33086 3990
33089 3991
33118 3992
33124 3993
33141 3994
33146 3995
33151 3996
33168 3997
33171 3998
33179 3999
33182 4000
33184 4001
33185 4002
33196 4003
33197 4004
33202 4005
33210 4006
33213 4007
33221 4008
33227 4009
33235 4010
33244 4011
33250 4012
33256 4013
33260 4014
33266 4015
33267 4016
33269 4017
33276 4018
33283 4019
33294 4020
33297 4021
33299 4022
33304 4023
33306 4024
33308 4025
33327 4026
33336 4027
33338 4028
33339 4029
33345 4030
33356 4031
33369 4032
33372 4033
33379 4034
33382 4035
33387 4036
33390 4037
33405 4038
33410 4039
33416 4040
33417 4041
33423 4042
33424 4043
33428 4044
33434 4045
33441 4046
33445 4047
33450 4048
33454 4049
33474 4050
33478 4051
33480 4052
33491 4053
33494 4054
33496 4055
33503 4056
33535 4057
33554 4058
33555 4059
33563 4060
33572 4061
33589 4062
33590 4063
33594 4064
33607 4065
33611 4066
33613 4067
33624 4068
33641 4069
33665 4070
33666 4071
33681 4072
33693 4073
33699 4074
33704 4075
33705 4076
33711 4077
33712 4078
33721 4079
33724 4080
33728 4081
33729 4082
33736 4083
33737 4084
33741 4085
33745 4086
33746 4087
33756 4088
33757 4089
33766 4090
33767 4091
33769 4092
33776 4093
33782 4094
33784 4095
33799 4096
33801 4097
33808 4098
33810 4099
33813 4100
33814 4101
33817 4102
33823 4103
33824 4104
33834 4105
33836 4106
33841 4107
33843 4108
33846 4109
33858 4110
33862 4111
33863 4112
33875 4113
33877 4114
33895 4115
33896 4116
33928 4117
33934 4118
33940 4119
33945 4120
33954 4121
33965 4122
33968 4123
33971 4124
33972 4125
33975 4126
33980 4127
34003 4128
34005 4129
34009 4130
34014 4131
34017 4132
34026 4133
34027 4134
34031 4135
34042 4136
34044 4137
34046 4138
34048 4139
34059 4140
34061 4141
34074 4142
34075 4143
34081 4144
34097 4145
34102 4146
34103 4147
34120 4148
34143 4149
34144 4150
34153 4151
34156 4152
34157 4153
34158 4154
34160 4155
34167 4156
34168 4157
34172 4158
34177 4159
34193 4160
34204 4161
34211 4162
34216 4163
34222 4164
34259 4165
34261 4166
34263 4167
34264 4168
34266 4169
34270 4170
34274 4171
34287 4172
34288 4173
34292 4174
34311 4175
34323 4176
34326 4177
34341 4178
34343 4179
34344 4180
34361 4181
34362 4182
34366 4183
34367 4184
34369 4185
34371 4186
34375 4187
34379 4188
34387 4189
34391 4190
34407 4191
34476 4192
34478 4193
34480 4194
34484 4195
34487 4196
34516 4197
34534 4198
34556 4199
34597 4200
34610 4201
34626 4202
34630 4203
34632 4204
34650 4205
34658 4206
34698 4207
34706 4208
34716 4209
34830 4210
34843 4211
34847 4212
34850 4213
34854 4214
34861 4215
34864 4216
34868 4217
34870 4218
34871 4219
34875 4220
34880 4221
34885 4222
34911 4223
34933 4224
34967 4225
34994 4226
35000 4227
35003 4228
35007 4229
35030 4230
35034 4231
35037 4232
35074 4233
35080 4234
35126 4235
35174 4236
35191 4237
35199 4238
35202 4239
35211 4240
35212 4241
35225 4242
35266 4243
35267 4244
35288 4245
35326 4246
35345 4247
35354 4248
35447 4249
35460 4250
35464 4251
35500 4252
35505 4253
35527 4254
35568 4255
35570 4256
35600 4257
35601 4258
35604 4259
35611 4260
35617 4261
35659 4262
35669 4263
35720 4264
35730 4265
35741 4266
35743 4267
35771 4268
35774 4269
35781 4270
35785 4271
35787 4272
35792 4273
35793 4274
35798 4275
35800 4276
35801 4277
35803 4278
35804 4279
35805 4280
35806 4281
35808 4282
35810 4283
35811 4284
35812 4285
35816 4286
35821 4287
35824 4288
35825 4289
35826 4290
35831 4291
35833 4292
35834 4293
35836 4294
35859 4295
35865 4296
35867 4297
35903 4298
35904 4299
35905 4300
35910 4301
35916 4302
35918 4303
35924 4304
35939 4305
36002 4306
36004 4307
36017 4308
36021 4309
36046 4310
36069 4311
36070 4312
36075 4313
36082 4314
36084 4315
36093 4316
36094 4317
36101 4318
36152 4319
36181 4320
36183 4321
36184 4322
36185 4323
36187 4324
36188 4325
36190 4326
36193 4327
36195 4328
36232 4329
36242 4330
36247 4331
36248 4332
36249 4333
36273 4334
36287 4335
36315 4336
36316 4337
36317 4338
36320 4339
36336 4340
36344 4341
36350 4342
36354 4343
36355 4344
36356 4345
36362 4346
36365 4347
36369 4348
36373 4349
36412 4350
36417 4351
36423 4352
36442 4353
36443 4354
36446 4355
36451 4356
36469 4357
36500 4358
36514 4359
36521 4360
36525 4361
36526 4362
36528 4363
36530 4364
36556 4365
36557 4366
36559 4367
36564 4368
36568 4369
36570 4370
36579 4371
36600 4372
36606 4373
36623 4374
36624 4375
36626 4376
36651 4377
36652 4378
36681 4379
36692 4380
36694 4381
36698 4382
36701 4383
36715 4384
36720 4385
36722 4386
36723 4387
36748 4388
36751 4389
36752 4390
36766 4391
36773 4392
36776 4393
36777 4394
36780 4395
36789 4396
36798 4397
36804 4398
36806 4399
36810 4400
36812 4401
36813 4402
36829 4403
36835 4404
36840 4405
36845 4406
36847 4407
36852 4408
36879 4409
36899 4410
36906 4411
36909 4412
36918 4413
36932 4414
36958 4415
36964 4416
36967 4417
36970 4418
36972 4419
36975 4420
36995 4421
36998 4422
37003 4423
37004 4424
37012 4425
37013 4426
37019 4427
37031 4428
37050 4429
37082 4430
37152 4431
37154 4432
37169 4433
37238 4434
37328 4435
37331 4436
37342 4437
37355 4438
37371 4439
37373 4440
37402 4441
37427 4442
37438 4443
37454 4444
37461 4445
37464 4446
37466 4447
37468 4448
37469 4449
37470 4450
37472 4451
37473 4452
37474 4453
37477 4454
37501 4455
37504 4456
37559 4457
37571 4458
37576 4459
37579 4460
37583 4461
37605 4462
37638 4463
37650 4464
37663 4465
37690 4466
37693 4467
37699 4468
37703 4469
37714 4470
37718 4471
37724 4472
37727 4473
37742 4474
37751 4475
37757 4476
37764 4477
37791 4478
37816 4479
37820 4480
37829 4481
37830 4482
37835 4483
37879 4484
37885 4485
37897 4486
37906 4487
37947 4488
37952 4489
37961 4490
37967 4491
38001 4492
38004 4493
38009 4494
38022 4495
38032 4496
38034 4497
38045 4498
38048 4499
38055 4500
38064 4501
38065 4502
38084 4503
38095 4504
38102 4505
38124 4506
38135 4507
38137 4508
38141 4509
38150 4510
38151 4511
38153 4512
38154 4513
38155 4514
38158 4515
38159 4516
38165 4517
38170 4518
38172 4519
38174 4520
38176 4521
38177 4522
38178 4523
38191 4524
38195 4525
38198 4526
38199 4527
38203 4528
38215 4529
38216 4530
38250 4531
38275 4532
38285 4533
38301 4534
38302 4535
38326 4536
38337 4537
38346 4538
38356 4539
38376 4540
38406 4541
38414 4542
38415 4543
38420 4544
38522 4545
38557 4546
38574 4547
38622 4548
38667 4549
38706 4550
38708 4551
38778 4552
38781 4553
38878 4554
38992 4555
38994 4556
39002 4557
39005 4558
39023 4559
39051 4560
39055 4561
39075 4562
39083 4563
39090 4564
39107 4565
39222 4566
39248 4567
39336 4568
39366 4569
39373 4570
39374 4571
39375 4572
39377 4573
39379 4574
39385 4575
39389 4576
39396 4577
39397 4578
39399 4579
39401 4580
39405 4581
39407 4582
39410 4583
39420 4584
39421 4585
39422 4586
39424 4587
39426 4588
39427 4589
39428 4590
39433 4591
39437 4592
39506 4593
39532 4594
39533 4595
39612 4596
39653 4597
39672 4598
39675 4599
39697 4600
39701 4601
39703 4602
39712 4603
39715 4604
39727 4605
39738 4606
39785 4607
39831 4608
39834 4609
39835 4610
39836 4611
39851 4612
39857 4613
39948 4614
39953 4615
39955 4616
39961 4617
39967 4618
39972 4619
40004 4620
40018 4621
40038 4622
40040 4623
40043 4624
40057 4625
40066 4626
40094 4627
40151 4628
40245 4629
40246 4630
40247 4631
40248 4632
40257 4633
40258 4634
40259 4635
40260 4636
40261 4637
40262 4638
40268 4639
40270 4640
40271 4641
40275 4642
40279 4643
40280 4644
40290 4645
40312 4646
40318 4647
40338 4648
40422 4649
40445 4650
40451 4651
40502 4652
40508 4653
40515 4654
40516 4655
40527 4656
40528 4657
40529 4658
40781 4659
40831 4660
40834 4661
40859 4662
40880 4663
40884 4664
40887 4665
40888 4666
40910 4667
40916 4668
40998 4669
41087 4670
41161 4671
41162 4672
41163 4673
41166 4674
41167 4675
41194 4676
41205 4677
41207 4678
41212 4679
41215 4680
41216 4681
41232 4682
41235 4683
41258 4684
41267 4685
41270 4686
41273 4687
41274 4688
41280 4689
41307 4690
41313 4691
41314 4692
41324 4693
41327 4694
41332 4695
41336 4696
41337 4697
41339 4698
41342 4699
41343 4700
41354 4701
41357 4702
41365 4703
41388 4704
41389 4705
41391 4706
41394 4707
41416 4708
41422 4709
41423 4710
41425 4711
41427 4712
41428 4713
41430 4714
41432 4715
41433 4716
41437 4717
41438 4718
41440 4719
41443 4720
41447 4721
41448 4722
41450 4723
41459 4724
41460 4725
41466 4726
41469 4727
41473 4728
41474 4729
41477 4730
41492 4731
41493 4732
41499 4733
41510 4734
41512 4735
41518 4736
41519 4737
41522 4738
41532 4739
41533 4740
41534 4741
41549 4742
41556 4743
41558 4744
41561 4745
41569 4746
41575 4747
41576 4748
41577 4749
41578 4750
41580 4751
41584 4752
41585 4753
41594 4754
41597 4755
41599 4756
41600 4757
41604 4758
41609 4759
41615 4760
41628 4761
41633 4762
41636 4763
41643 4764
41651 4765
41652 4766
41655 4767
41659 4768
41660 4769
41666 4770
41668 4771
41672 4772
41673 4773
41676 4774
41687 4775
41688 4776
41689 4777
41866 4778
41918 4779
41929 4780
41931 4781
42034 4782
42443 4783
42497 4784
42516 4785
42517 4786
42534 4787
42584 4788
42617 4789
42621 4790
42636 4791
42649 4792
42666 4793
42718 4794
42732 4795
42782 4796
42838 4797
42886 4798
42887 4799
42888 4800
42890 4801
42891 4802
42893 4803
42895 4804
42897 4805
42899 4806
42923 4807
43106 4808
43108 4809
43110 4810
43123 4811
43132 4812
43153 4813
43154 4814
43155 4815
43162 4816
43204 4817
43220 4818
43231 4819
43232 4820
43237 4821
43244 4822
43257 4823
43332 4824
43373 4825
43379 4826
43395 4827
43399 4828
43515 4829
43524 4830
43525 4831
43527 4832
43709 4833
43729 4834
43734 4835
43736 4836
43778 4837
43828 4838
43931 4839
43933 4840
43937 4841
43945 4842
43946 4843
43947 4844
43948 4845
43958 4846
43981 4847
44054 4848
44063 4849
44083 4850
44097 4851
44137 4852
44168 4853
44174 4854
44177 4855
44189 4856
44216 4857
44235 4858
44256 4859
44269 4860
44270 4861
44272 4862
44273 4863
44274 4864
44276 4865
44277 4866
44280 4867
44281 4868
44282 4869
44283 4870
44284 4871
44286 4872
44290 4873
44295 4874
44298 4875
44299 4876
44300 4877
44305 4878
44306 4879
44307 4880
44309 4881
44313 4882
44314 4883
44316 4884
44317 4885
44320 4886
44321 4887
44322 4888
44327 4889
44331 4890
44336 4891
44337 4892
44339 4893
44342 4894
44343 4895
44344 4896
44347 4897
44350 4898
44352 4899
44354 4900
44355 4901
44356 4902
44360 4903
44361 4904
44362 4905
44367 4906
44369 4907
44371 4908
44374 4909
44375 4910
44377 4911
44385 4912
44386 4913
44387 4914
44389 4915
44391 4916
44392 4917
44393 4918
44399 4919
44400 4920
44408 4921
44409 4922
44411 4923
44414 4924
44415 4925
44418 4926
44421 4927
44422 4928
44424 4929
44425 4930
44427 4931
44428 4932
44430 4933
44431 4934
44432 4935
44433 4936
44434 4937
44439 4938
44445 4939
44447 4940
44448 4941
44449 4942
44450 4943
44452 4944
44459 4945
44464 4946
44465 4947
44468 4948
44471 4949
44474 4950
44476 4951
44480 4952
44485 4953
44487 4954
44488 4955
44489 4956
44495 4957
44497 4958
44518 4959
44524 4960
44560 4961
44561 4962
44562 4963
44569 4964
44649 4965
44680 4966
44716 4967
44721 4968
44765 4969
44791 4970
44810 4971
44911 4972
44914 4973
44924 4974
44933 4975
44951 4976
45070 4977
45086 4978
45094 4979
45136 4980
45165 4981
45200 4982
45326 4983
45331 4984
45424 4985
45453 4986
45496 4987
45511 4988
45539 4989
45636 4990
45681 4991
45688 4992
45689 4993
45733 4994
45744 4995
45757 4996
45847 4997
45885 4998
45901 4999
45993 5000
46040 5001
46067 5002
46104 5003
46112 5004
46138 5005
46167 5006
46176 5007
46200 5008
46237 5009
46267 5010
46281 5011
46404 5012
46468 5013
46474 5014
46499 5015
46532 5016
46534 5017
46539 5018
46545 5019
46594 5020
46622 5021
46639 5022
46647 5023
46660 5024
46719 5025
46732 5026
46748 5027
46766 5028
46779 5029
46807 5030
46879 5031
46910 5032
46951 5033
46958 5034
46969 5035
47002 5036
47007 5037
47026 5038
47075 5039
47117 5040
47121 5041
47467 5042
47468 5043
47469 5044
47472 5045
47476 5046
47523 5047
47524 5048
47599 5049
47612 5050
47643 5051
47671 5052
47674 5053
47686 5054
47709 5055
47720 5056
47727 5057
47741 5058
47768 5059
47781 5060
47782 5061
47813 5062
47876 5063
47901 5064
47906 5065
47916 5066
47952 5067
47953 5068
47955 5069
47958 5070
47988 5071
47989 5072
48054 5073
48055 5074
48080 5075
48088 5076
48089 5077
48093 5078
48138 5079
48203 5080
48206 5081
48207 5082
48263 5083
48275 5084
48290 5085
48358 5086
48361 5087
48363 5088
48372 5089
48393 5090
48409 5091
48411 5092
48465 5093
48467 5094
48468 5095
48471 5096
48472 5097
48473 5098
48474 5099
48475 5100
48476 5101
48477 5102
48479 5103
48482 5104
48483 5105
48486 5106
48488 5107
48535 5108
48543 5109
48545 5110
48548 5111
48555 5112
48576 5113
48587 5114
48588 5115
48596 5116
48598 5117
48606 5118
48608 5119
48630 5120
48633 5121
48635 5122
48638 5123
48643 5124
48646 5125
48651 5126
48652 5127
48655 5128
48656 5129
48664 5130
48677 5131
48679 5132
48680 5133
48687 5134
48691 5135
48692 5136
48694 5137
48698 5138
48699 5139
48704 5140
48705 5141
48707 5142
48709 5143
48710 5144
48713 5145
48714 5146
48717 5147
48723 5148
48724 5149
48725 5150
48726 5151
48738 5152
48744 5153
48745 5154
48749 5155
48750 5156
48753 5157
48754 5158
48756 5159
48758 5160
48761 5161
48765 5162
48767 5163
48774 5164
48775 5165
48777 5166
48780 5167
48784 5168
48785 5169
48786 5170
48788 5171
48796 5172
48797 5173
48810 5174
48814 5175
48824 5176
48832 5177
48833 5178
48860 5179
48894 5180
48949 5181
48950 5182
48951 5183
48954 5184
48955 5185
48956 5186
48958 5187
48970 5188
49025 5189
49141 5190
49154 5191
49156 5192
49253 5193
49256 5194
49304 5195
49306 5196
49331 5197
49343 5198
49345 5199
49354 5200
49365 5201
49370 5202
49378 5203
49379 5204
49383 5205
49385 5206
49386 5207
49387 5208
49388 5209
49390 5210
49393 5211
49397 5212
49398 5213
49399 5214
49403 5215
49435 5216
49440 5217
49476 5218
49477 5219
49478 5220
49479 5221
49498 5222
49499 5223
49500 5224
49550 5225
49558 5226
49564 5227
49573 5228
49593 5229
49720 5230
49752 5231
49764 5232
49775 5233
49781 5234
49782 5235
49824 5236
49880 5237
49911 5238
49920 5239
49947 5240
49964 5241
49988 5242
50078 5243
50081 5244
50101 5245
50144 5246
50328 5247
50337 5248
50338 5249
50339 5250
50342 5251
50345 5252
50346 5253
50347 5254
50348 5255
50349 5256
50350 5257
50353 5258
50361 5259
50363 5260
50365 5261
50369 5262
50382 5263
50385 5264
50392 5265
50394 5266
50397 5267
50398 5268
50399 5269
50401 5270
50402 5271
50404 5272
50405 5273
50408 5274
50410 5275
50412 5276
50415 5277
50423 5278
50424 5279
50425 5280
50428 5281
50435 5282
50439 5283
50443 5284
50446 5285
50447 5286
50448 5287
50449 5288
50450 5289
50452 5290
50458 5291
50462 5292
50463 5293
50469 5294
50473 5295
50475 5296
50480 5297
50485 5298
50488 5299
50491 5300
50499 5301
50503 5302
50593 5303
50594 5304
50596 5305
50597 5306
50603 5307
50609 5308
50779 5309
51139 5310
51143 5311
51155 5312
51160 5313
51165 5314
51168 5315
51169 5316
51179 5317
51206 5318
51207 5319
51214 5320
51220 5321
51221 5322
51225 5323
51233 5324
51234 5325
51239 5326
51242 5327
51247 5328
51258 5329
51259 5330
51264 5331
51265 5332
51272 5333
51273 5334
51274 5335
51275 5336
51278 5337
51279 5338
51280 5339
51285 5340
51286 5341
51290 5342
51292 5343
51300 5344
51307 5345
51311 5346
51325 5347
51331 5348
51337 5349
51343 5350
51350 5351
51351 5352
51352 5353
51409 5354
51478 5355
51545 5356
51555 5357
51619 5358
51637 5359
51663 5360
51700 5361
51893 5362
51897 5363
51899 5364
52161 5365
52180 5366
52287 5367
52298 5368
52558 5369
52559 5370
52620 5371
52626 5372
52633 5373
52658 5374
52663 5375
52709 5376
52725 5377
52859 5378
52884 5379
52885 5380
52887 5381
52890 5382
52892 5383
52894 5384
52896 5385
52935 5386
52939 5387
52942 5388
52943 5389
52946 5390
52949 5391
52975 5392
52977 5393
53004 5394
53019 5395
53053 5396
53054 5397
53062 5398
53063 5399
53070 5400
53074 5401
53079 5402
53080 5403
53081 5404
53086 5405
53090 5406
53212 5407
53225 5408
53227 5409
53240 5410
53371 5411
53390 5412
53392 5413
53423 5414
53446 5415
53453 5416
53472 5417
53508 5418
53509 5419
53526 5420
53706 5421
53720 5422
53733 5423
53950 5424
54056 5425
54063 5426
54065 5427
54087 5428
54324 5429
54341 5430
54342 5431
54343 5432
54348 5433
54513 5434
54644 5435
55103 5436
55283 5437
55316 5438
55350 5439
55351 5440
55383 5441
55418 5442
55419 5443
55420 5444
55421 5445
55423 5446
55453 5447
55464 5448
55466 5449
55470 5450
55476 5451
55497 5452
55501 5453
55548 5454
55558 5455
55571 5456
55572 5457
55577 5458
55585 5459
55616 5460
55617 5461
55635 5462
55650 5463
55706 5464
55948 5465
55962 5466
56088 5467
56089 5468
56101 5469
56205 5470
56229 5471
56292 5472
56295 5473
56305 5474
56306 5475
56307 5476
56315 5477
56360 5478
56361 5479
56373 5480
56480 5481
56481 5482
56482 5483
56505 5484
56515 5485
56568 5486
56655 5487
56657 5488
56921 5489
56975 5490
57115 5491
57118 5492
57145 5493
57151 5494
57307 5495
57398 5496
57455 5497
57507 5498
57616 5499
57659 5500
57666 5501
57688 5502
57769 5503
57783 5504
57794 5505
57920 5506
57966 5507
57968 5508
57999 5509
58028 5510
58033 5511
58038 5512
58042 5513
58256 5514
58409 5515
58501 5516
58525 5517
58526 5518
58527 5519
58528 5520
58531 5521
58533 5522
58536 5523
58538 5524
58607 5525
58673 5526
58780 5527
58792 5528
58805 5529
58807 5530
58812 5531
58853 5532
58855 5533
58859 5534
58868 5535
58901 5536
58949 5537
58951 5538
58967 5539
58990 5540
59030 5541
59037 5542
59042 5543
59045 5544
59070 5545
59075 5546
59178 5547
59179 5548
59187 5549
59230 5550
59237 5551
59328 5552
59371 5553
59389 5554
59569 5555
59576 5556
59577 5557
59610 5558
59615 5559
59631 5560
59721 5561
59722 5562
59724 5563
59745 5564
59746 5565
59750 5566
59751 5567
59760 5568
59761 5569
59762 5570
59926 5571
59981 5572
60006 5573
60054 5574
60090 5575
60110 5576
60158 5577
60288 5578
60619 5579
60838 5580
60871 5581
60898 5582
60912 5583
60914 5584
60918 5585
60922 5586
60924 5587
60940 5588
60942 5589
60949 5590
60952 5591
60954 5592
60955 5593
60956 5594
60960 5595
60982 5596
60983 5597
61012 5598
61103 5599
61159 5600
61186 5601
61428 5602
61455 5603
61507 5604
61509 5605
61512 5606
61514 5607
61520 5608
61954 5609
62219 5610
62266 5611
62373 5612
62401 5613
62409 5614
62478 5615
62490 5616
62491 5617
62495 5618
62500 5619
62511 5620
62550 5621
62559 5622
62569 5623
62570 5624
62571 5625
62654 5626
62658 5627
62688 5628
62727 5629
62732 5630
62733 5631
62743 5632
62748 5633
62775 5634
62877 5635
62882 5636
62913 5637
62950 5638
62956 5639
63038 5640
63043 5641
63046 5642
63047 5643
63049 5644
63051 5645
63060 5646
63111 5647
63264 5648
63265 5649
63267 5650
63291 5651
63305 5652
63349 5653
63350 5654
63352 5655
63355 5656
63501 5657
63526 5658
63529 5659
63532 5660
63533 5661
63534 5662
63541 5663
63542 5664
63544 5665
63545 5666
63549 5667
63554 5668
63569 5669
63576 5670
63580 5671
63581 5672
63585 5673
63586 5674
63587 5675
63588 5676
63616 5677
63618 5678
63630 5679
63680 5680
63707 5681
63731 5682
63774 5683
63869 5684
63870 5685
63874 5686
63991 5687
63993 5688
63994 5689
64227 5690
64483 5691
64503 5692
64520 5693
64522 5694
64525 5695
64533 5696
64536 5697
64538 5698
64540 5699
64574 5700
64584 5701
64585 5702
64610 5703
64621 5704
64624 5705
64650 5706
64667 5707
64668 5708
64678 5709
64689 5710
64694 5711
64733 5712
64781 5713
64793 5714
64827 5715
64858 5716
64859 5717
64860 5718
64862 5719
64863 5720
64865 5721
64871 5722
64901 5723
64908 5724
64913 5725
64916 5726
64919 5727
64921 5728
64930 5729
64931 5730
64946 5731
64963 5732
64996 5733
64997 5734
65016 5735
65039 5736
65121 5737
65125 5738
65127 5739
65136 5740
65137 5741
65139 5742
65142 5743
65143 5744
65230 5745
65232 5746
65237 5747
65238 5748
65286 5749
65295 5750
65301 5751
65304 5752
65349 5753
65358 5754
65385 5755
65404 5756
65411 5757
65413 5758
65433 5759
65437 5760
65468 5761
65480 5762
65481 5763
65482 5764
65642 5765
65657 5766
65659 5767
65677 5768
65792 5769
65822 5770
65825 5771
65854 5772
65898 5773
65899 5774
65912 5775
65917 5776
65929 5777
65933 5778
65946 5779
65955 5780
66011 5781
66012 5782
66038 5783
66048 5784
66052 5785
66071 5786
66073 5787
66114 5788
66144 5789
66151 5790
66200 5791
66226 5792
66232 5793
66260 5794
66266 5795
66268 5796
66278 5797
66298 5798
66317 5799
66318 5800
66327 5801
66340 5802
66348 5803
66384 5804
66390 5805
66391 5806
66393 5807
66398 5808
66401 5809
66404 5810
66432 5811
66475 5812
66481 5813
66482 5814
66604 5815
66607 5816
66611 5817
66619 5818
66627 5819
66630 5820
66666 5821
66694 5822
66695 5823
66712 5824
66725 5825
66727 5826
66729 5827
66745 5828
66746 5829
66756 5830
66757 5831
66786 5832
66788 5833
66789 5834
66795 5835
66796 5836
66806 5837
66807 5838
66839 5839
66859 5840
66868 5841
66872 5842
66938 5843
66946 5844
66948 5845
66949 5846
66969 5847
66970 5848
66991 5849
67021 5850
67116 5851
67121 5852
67123 5853
67130 5854
67133 5855
67141 5856
67143 5857
67144 5858
67147 5859
67178 5860
67202 5861
67229 5862
67245 5863
67252 5864
67254 5865
67257 5866
67258 5867
67259 5868
67263 5869
67272 5870
67275 5871
67279 5872
67358 5873
67386 5874
67453 5875
67466 5876
67471 5877
67477 5878
67478 5879
67479 5880
67486 5881
67489 5882
67587 5883
67610 5884
67630 5885
67639 5886
67651 5887
67664 5888
67671 5889
67681 5890
67705 5891
67711 5892
67714 5893
67715 5894
67727 5895
67728 5896
67731 5897
67732 5898
67741 5899
67786 5900
67818 5901
67839 5902
67902 5903
67907 5904
67910 5905
67917 5906
67936 5907
67938 5908
67956 5909
67974 5910
68095 5911
68102 5912
68138 5913
68163 5914
68166 5915
68168 5916
68176 5917
68207 5918
68215 5919
68217 5920
68233 5921
68240 5922
68245 5923
68283 5924
68290 5925
68298 5926
68299 5927
68300 5928
68310 5929
68323 5930
68326 5931
68327 5932
68331 5933
68346 5934
68347 5935
68348 5936
68358 5937
68359 5938
68488 5939
68493 5940
68497 5941
68499 5942
68513 5943
68537 5944
68549 5945
68552 5946
68553 5947
68585 5948
68607 5949
68611 5950
68613 5951
68614 5952
68654 5953
68655 5954
68663 5955
68667 5956
68668 5957
68683 5958
68688 5959
68705 5960
68723 5961
68725 5962
68758 5963
68766 5964
68778 5965
68784 5966
68803 5967
68810 5968
68815 5969
68829 5970
68858 5971
68899 5972
68906 5973
68908 5974
68909 5975
68915 5976
68916 5977
68920 5978
69104 5979
69116 5980
69125 5981
69157 5982
69173 5983
69175 5984
69176 5985
69179 5986
69180 5987
69181 5988
69182 5989
69190 5990
69194 5991
69196 5992
69200 5993
69228 5994
69229 5995
69231 5996
69232 5997
69239 5998
69254 5999
69260 6000
69263 6001
69267 6002
69281 6003
69288 6004
69291 6005
69295 6006
69296 6007
69297 6008
69298 6009
69301 6010
69311 6011
69314 6012
69324 6013
69326 6014
69371 6015
69375 6016
69377 6017
69381 6018
69389 6019
69390 6020
69407 6021
69409 6022
69415 6023
69416 6024
69434 6025
69440 6026
69441 6027
69442 6028
69446 6029
69454 6030
69455 6031
69473 6032
69476 6033
69484 6034
69487 6035
69488 6036
69498 6037
69499 6038
69500 6039
69501 6040
69503 6041
69509 6042
69522 6043
69523 6044
69524 6045
69549 6046
69564 6047
69570 6048
69571 6049
69574 6050
69584 6051
69594 6052
69599 6053
69600 6054
69604 6055
69610 6056
69611 6057
69612 6058
69617 6059
69619 6060
69627 6061
69635 6062
69636 6063
69643 6064
69658 6065
69663 6066
69664 6067
69672 6068
69677 6069
69678 6070
69684 6071
69685 6072
69716 6073
69722 6074
69772 6075
69776 6076
69777 6077
69780 6078
69783 6079
69822 6080
69823 6081
69834 6082
69836 6083
69838 6084
69859 6085
69860 6086
69894 6087
69934 6088
69951 6089
69971 6090
69983 6091
70003 6092
70009 6093
70010 6094
70091 6095
70094 6096
70108 6097
70215 6098
70217 6099
70218 6100
70221 6101
70222 6102
70229 6103
70244 6104
70252 6105
70253 6106
70267 6107
70272 6108
70291 6109
70298 6110
70302 6111
70303 6112
70304 6113
70331 6114
70367 6115
70370 6116
70375 6117
70454 6118
70473 6119
70476 6120
70478 6121
70528 6122
70530 6123
70535 6124
70538 6125
70548 6126
70550 6127
70554 6128
70563 6129
70579 6130
70595 6131
70613 6132
70656 6133
70675 6134
70692 6135
70693 6136
70730 6137
70791 6138
70796 6139
70826 6140
71057 6141
71065 6142
71114 6143
71126 6144
71127 6145
71133 6146
71137 6147
71140 6148
71143 6149
71146 6150
71151 6151
71179 6152
71182 6153
71192 6154
71199 6155
71234 6156
71244 6157
71289 6158
71290 6159
71322 6160
71326 6161
71344 6162
71356 6163
71396 6164
71399 6165
71415 6166
71469 6167
71521 6168
71523 6169
71524 6170
71545 6171
71586 6172
71829 6173
71895 6174
71904 6175
71905 6176
71926 6177
71934 6178
71992 6179
72057 6180
72092 6181
72096 6182
72137 6183
72156 6184
72198 6185
72199 6186
72242 6187
72339 6188
72370 6189
72379 6190
72391 6191
72495 6192
72545 6193
72575 6194
72607 6195
72636 6196
72665 6197
72719 6198
72723 6199
72827 6200
72859 6201
72860 6202
72861 6203
72883 6204
72905 6205
72962 6206
72967 6207
72969 6208
72973 6209
72976 6210
73013 6211
73018 6212
73087 6213
73100 6214
73118 6215
73139 6216
73170 6217
73188 6218
73202 6219
73205 6220
73208 6221
73213 6222
73221 6223
73229 6224
73258 6225
73259 6226
73262 6227
73272 6228
73277 6229
73279 6230
73281 6231
73290 6232
73321 6233
73324 6234
73393 6235
73397 6236
73402 6237
73424 6238
73440 6239
73504 6240
73537 6241
73653 6242
73655 6243
73676 6244
73677 6245
73712 6246
73953 6247
73958 6248
73960 6249
73963 6250
73967 6251
74023 6252
74025 6253
74049 6254
74052 6255
74061 6256
74075 6257
74106 6258
74120 6259
74128 6260
74145 6261
74164 6262
74171 6263
74192 6264
74193 6265
74205 6266
74216 6267
74217 6268
74222 6269
74228 6270
74231 6271
74257 6272
74261 6273
74277 6274
74341 6275
74346 6276
74384 6277
74393 6278
74397 6279
74474 6280
74482 6281
74614 6282
74638 6283
74700 6284
74710 6285
74713 6286
74726 6287
74729 6288
74731 6289
74740 6290
74758 6291
74761 6292
74805 6293
74870 6294
74881 6295
74908 6296
74949 6297
74965 6298
74970 6299
74973 6300
74988 6301
75013 6302
75022 6303
75034 6304
75036 6305
75041 6306
75043 6307
75140 6308
75144 6309
75150 6310
75156 6311
75182 6312
75239 6313
75267 6314
75367 6315
75519 6316
75531 6317
75709 6318
75787 6319
75963 6320
75992 6321
76062 6322
76144 6323
76145 6324
76176 6325
76206 6326
76252 6327
76287 6328
76310 6329
76336 6330
76360 6331
76368 6332
76393 6333
76395 6334
76399 6335
76405 6336
76407 6337
76413 6338
76414 6339
76418 6340
76423 6341
76425 6342
76426 6343
76435 6344
76447 6345
76448 6346
76452 6347
76472 6348
76474 6349
76475 6350
76476 6351
76478 6352
76494 6353
76510 6354
76523 6355
76528 6356
76534 6357
76535 6358
76546 6359
76547 6360
76549 6361
76551 6362
76554 6363
76557 6364
76559 6365
76570 6366
76571 6367
76578 6368
76585 6369
76659 6370
76660 6371
76661 6372
76694 6373
76732 6374
76873 6375
76882 6376
76956 6377
76983 6378
77107 6379
77157 6380
77190 6381
77288 6382
77292 6383
77348 6384
77396 6385
77414 6386
77433 6387
77435 6388
77530 6389
77540 6390
77594 6391
77598 6392
77622 6393
77678 6394
77680 6395
77729 6396
77767 6397
77775 6398
77780 6399
77781 6400
77782 6401
77783 6402
77785 6403
77796 6404
77799 6405
77813 6406
77850 6407
77858 6408
77860 6409
77875 6410
77877 6411
77924 6412
77946 6413
77989 6414
78023 6415
78079 6416
78085 6417
78230 6418
78257 6419
78266 6420
78347 6421
78480 6422
78482 6423
78503 6424
78612 6425
78654 6426
78731 6427
78745 6428
78792 6429
78793 6430
78796 6431
78797 6432
78817 6433
78841 6434
78842 6435
78846 6436
78853 6437
78869 6438
78872 6439
78873 6440
78907 6441
78909 6442
78928 6443
78929 6444
79020 6445
79128 6446
79129 6447
79131 6448
79134 6449
79140 6450
79141 6451
79142 6452
79153 6453
79197 6454
79350 6455
79352 6456
79356 6457
79357 6458
79362 6459
79364 6460
79369 6461
79485 6462
79901 6463
79908 6464
80050 6465
80051 6466
80053 6467
80058 6468
80063 6469
80066 6470
80474 6471
80754 6472
80755 6473
80836 6474
81029 6475
81040 6476
81084 6477
81085 6478
81121 6479
81193 6480
81209 6481
81214 6482
81292 6483
81299 6484
81308 6485
81342 6486
81343 6487
81348 6488
81384 6489
81386 6490
81405 6491
81421 6492
81486 6493
81528 6494
81701 6495
81957 6496
81959 6497
81993 6498
82057 6499
82072 6500
82120 6501
82219 6502
82221 6503
82273 6504
82376 6505
82378 6506
82379 6507
82432 6508
82455 6509
82457 6510
82504 6511
82776 6512
82779 6513
82789 6514
82793 6515
82800 6516
82845 6517
82885 6518
82891 6519
82919 6520
82939 6521
82956 6522
82961 6523
82965 6524
82970 6525
82974 6526
82975 6527
82981 6528
82982 6529
82987 6530
82988 6531
82995 6532
82997 6533
82999 6534
83000 6535
83007 6536
83059 6537
83142 6538
83144 6539
83150 6540
83151 6541
83202 6542
83203 6543
83205 6544
83208 6545
83212 6546
83213 6547
83215 6548
83216 6549
83228 6550
83230 6551
83231 6552
83235 6553
83238 6554
83241 6555
83285 6556
83290 6557
83310 6558
83311 6559
83313 6560
83341 6561
83344 6562
83345 6563
83353 6564
83358 6565
83359 6566
83363 6567
83396 6568
83397 6569
83406 6570
83425 6571
83439 6572
83447 6573
83475 6574
83712 6575
83721 6576
83747 6577
83765 6578
83880 6579
83904 6580
83941 6581
83942 6582
84248 6583
84250 6584
84257 6585
84292 6586
84329 6587
84422 6588
84434 6589
84626 6590
84629 6591
84630 6592
84631 6593
84641 6594
84649 6595
84651 6596
84654 6597
84656 6598
84658 6599
84663 6600
84668 6601
84670 6602
84673 6603
84674 6604
84695 6605
84700 6606
84701 6607
84702 6608
84704 6609
84738 6610
84739 6611
84764 6612
84772 6613
84780 6614
84797 6615
84804 6616
84805 6617
84821 6618
84835 6619
84839 6620
84859 6621
84879 6622
84909 6623
84973 6624
84977 6625
85204 6626
85216 6627
85300 6628
85313 6629
85341 6630
85429 6631
85440 6632
85442 6633
85443 6634
85445 6635
85446 6636
85460 6637
85486 6638
85561 6639
85620 6640
85623 6641
85625 6642
85650 6643
85667 6644
85695 6645
85711 6646
85716 6647
85761 6648
85798 6649
85867 6650
85920 6651
85961 6652
85978 6653
86044 6654
86061 6655
86078 6656
86081 6657
86091 6658
86138 6659
86140 6660
86203 6661
86213 6662
86244 6663
86283 6664
86286 6665
86295 6666
86316 6667
86317 6668
86318 6669
86319 6670
86330 6671
86386 6672
86412 6673
86429 6674
86484 6675
86533 6676
86534 6677
86535 6678
86537 6679
86630 6680
86633 6681
86634 6682
86635 6683
86994 6684
87671 6685
88165 6686
88166 6687
88175 6688
88176 6689
88177 6690
88184 6691
88186 6692
88194 6693
88210 6694
88211 6695
88212 6696
88216 6697
88224 6698
88225 6699
88226 6700
88234 6701
88252 6702
88261 6703
88265 6704
88269 6705
88270 6706
88274 6707
88277 6708
88278 6709
88279 6710
88285 6711
88288 6712
88292 6713
88296 6714
88302 6715
88316 6716
88338 6717
88348 6718
88366 6719
88373 6720
88375 6721
88532 6722
88591 6723
88599 6724
88620 6725
88670 6726
88673 6727
88683 6728
88695 6729
89081 6730
89084 6731
89091 6732
89119 6733
89121 6734
89137 6735
89143 6736
89146 6737
89147 6738
89152 6739
89156 6740
89207 6741
89208 6742
89213 6743
89227 6744
89230 6745
89231 6746
89237 6747
89239 6748
89240 6749
89241 6750
89259 6751
89502 6752
89861 6753
90112 6754
90127 6755
90128 6756
90131 6757
90141 6758
90162 6759
90163 6760
90165 6761
90186 6762
90196 6763
90251 6764
90266 6765
90271 6766
90279 6767
90281 6768
90287 6769
90289 6770
90290 6771
90291 6772
90292 6773
90293 6774
90294 6775
90300 6776
90303 6777
90304 6778
90305 6779
90311 6780
90314 6781
90336 6782
90338 6783
90424 6784
90447 6785
90459 6786
90468 6787
90484 6788
90489 6789
90490 6790
90497 6791
90498 6792
90499 6793
90504 6794
90557 6795
90560 6796
90561 6797
90582 6798
90584 6799
90588 6800
90634 6801
90677 6802
90678 6803
90680 6804
90681 6805
90693 6806
90716 6807
90719 6808
90726 6809
90727 6810
90729 6811
90778 6812
90782 6813
90785 6814
90789 6815
90790 6816
90795 6817
90797 6818
90823 6819
90824 6820
90834 6821
90861 6822
90862 6823
90867 6824
90868 6825
90871 6826
90875 6827
90879 6828
90883 6829
90907 6830
90910 6831
90913 6832
90917 6833
90920 6834
90921 6835
90924 6836
90925 6837
90947 6838
90952 6839
90953 6840
90958 6841
91182 6842
91199 6843
91326 6844
91342 6845
91370 6846
91903 6847
91948 6848
91965 6849
91967 6850
92191 6851
92214 6852
92442 6853
92445 6854
92461 6855
92473 6856
92476 6857
92477 6858
92483 6859
92494 6860
92495 6861
92497 6862
92535 6863
92537 6864
92540 6865
92567 6866
92577 6867
92580 6868
92583 6869
92590 6870
92617 6871
92688 6872
92798 6873
92804 6874
92961 6875
93111 6876
93211 6877
93430 6878
93475 6879
93605 6880
93606 6881
93712 6882
93732 6883
93919 6884
93920 6885
93921 6886
93941 6887
93942 6888
93973 6889
93992 6890
94282 6891
94327 6892
94362 6893
94365 6894
94473 6895
94534 6896
94663 6897
94863 6898
95002 6899
95014 6900
95021 6901
95030 6902
95039 6903
95053 6904
95056 6905
95082 6906
95083 6907
95114 6908
95118 6909
95124 6910
95134 6911
95136 6912
95181 6913
95201 6914
95211 6915
95212 6916
95307 6917
95418 6918
95478 6919
95839 6920
95841 6921
95845 6922
95847 6923
95851 6924
95853 6925
95854 6926
95855 6927
95856 6928
95859 6929
95867 6930
95868 6931
95869 6932
95886 6933
95959 6934
96032 6935
96721 6936
96782 6937
97375 6938
97587 6939
97588 6940
97654 6941
97658 6942
97716 6943
97731 6944
97740 6945
97799 6946
97803 6947
98342 6948
98451 6949
98506 6950
98820 6951
98821 6952
98868 6953
98889 6954
98953 6955
99087 6956
99136 6957
99330 6958
99347 6959
99355 6960
99377 6961
99378 6962
99396 6963
99406 6964
99460 6965
99463 6966
99494 6967
99597 6968
99609 6969
99610 6970
99745 6971
99746 6972
99747 6973
99749 6974
99783 6975
99791 6976
99792 6977
99847 6978
99854 6979
99930 6980
100120 6981
100167 6982
100233 6983
100234 6984
100273 6985
100275 6986
100276 6987
100280 6988
100363 6989
100377 6990
100540 6991
100566 6992
100878 6993
100885 6994
100886 6995
100922 6996
101033 6997
101058 6998
101272 6999
101405 7000
101488 7001
101529 7002
101664 7003
101683 7004
101690 7005
101691 7006
101724 7007
101725 7008
101800 7009
101803 7010
101862 7011
101866 7012
101867 7013
101870 7014
101993 7015
102007 7016
102110 7017
102111 7018
102121 7019
102127 7020
102136 7021
102143 7022
102222 7023
102223 7024
102224 7025
102225 7026
102326 7027
102327 7028
102398 7029
102483 7030
102536 7031
102601 7032
102605 7033
102606 7034
102626 7035
102646 7036
102996 7037
103024 7038
103026 7039
103076 7040
103169 7041
103268 7042
103298 7043
103328 7044
103408 7045
103544 7046
103545 7047
103549 7048
103568 7049
103590 7050
103658 7051
103750 7052
103779 7053
103785 7054
103787 7055
103840 7056
103841 7057
103873 7058
103901 7059
104000 7060
104030 7061
104043 7062
104048 7063
104049 7064
104065 7065
104208 7066
104213 7067
104226 7068
104227 7069
104230 7070
104231 7071
104232 7072
104234 7073
104236 7074
104276 7075
104277 7076
104279 7077
104353 7078
104355 7079
104357 7080
104426 7081
104445 7082
104704 7083
104711 7084
104723 7085
104724 7086
104732 7087
104733 7088
104734 7089
104737 7090
104738 7091
104743 7092
104745 7093
104747 7094
104750 7095
104752 7096
104753 7097
104754 7098
104756 7099
104758 7100
104759 7101
104769 7102
104825 7103
104826 7104
104829 7105
104834 7106
104934 7107
104980 7108
104986 7109
104987 7110
104989 7111
104991 7112
104992 7113
105012 7114
105100 7115
105106 7116
105108 7117
105115 7118
105116 7119
105158 7120
105192 7121
105340 7122
105474 7123
105484 7124
105508 7125
105542 7126
105588 7127
105589 7128
105646 7129
105648 7130
105649 7131
105847 7132
105935 7133
105943 7134
105955 7135
105985 7136
106115 7137
106239 7138
106317 7139
106329 7140
106340 7141
106464 7142
106466 7143
106479 7144
106502 7145
106503 7146
106525 7147
106643 7148
106740 7149
106751 7150
106764 7151
106765 7152
106780 7153
106781 7154
106864 7155
106866 7156
106867 7157
106873 7158
106880 7159
106895 7160
106899 7161
106940 7162
106966 7163
107051 7164
107062 7165
107066 7166
107095 7167
107211 7168
107212 7169
107214 7170
107216 7171
107225 7172
107226 7173
107298 7174
107383 7175
107455 7176
107456 7177
107457 7178
107458 7179
107459 7180
107465 7181
107466 7182
107471 7183
107599 7184
107604 7185
107641 7186
107644 7187
107645 7188
107648 7189
107714 7190
107715 7191
107734 7192
107854 7193
107959 7194
108018 7195
108031 7196
108081 7197
108188 7198
108224 7199
108261 7200
108273 7201
108276 7202
108280 7203
108285 7204
108294 7205
108296 7206
108297 7207
108306 7208
108307 7209
108308 7210
108315 7211
108324 7212
108326 7213
108327 7214
108331 7215
108332 7216
108334 7217
108335 7218
108403 7219
108404 7220
108416 7221
108417 7222
108428 7223
108429 7224
108495 7225
108549 7226
108585 7227
108697 7228
108735 7229
108846 7230
108853 7231
108860 7232
108864 7233
108866 7234
108899 7235
108939 7236
108997 7237
108999 7238
109000 7239
109030 7240
109059 7241
109066 7242
109082 7243
109083 7244
109084 7245
109087 7246
109117 7247
109361 7248
109386 7249
109397 7250
109401 7251
109402 7252
109433 7253
109451 7254
109482 7255
109487 7256
109500 7257
109585 7258
109598 7259
109631 7260
109639 7261
109641 7262
109817 7263
109821 7264
109908 7265
109921 7266
109928 7267
109941 7268
109957 7269
110032 7270
110037 7271
110042 7272
110044 7273
110046 7274
110056 7275
110058 7276
110214 7277
110227 7278
110271 7279
110272 7280
110277 7281
110278 7282
110282 7283
110283 7284
110284 7285
110286 7286
110353 7287
110649 7288
110712 7289
110717 7290
110756 7291
110806 7292
110833 7293
110893 7294
110913 7295
110915 7296
110916 7297
110920 7298
110925 7299
110928 7300
110929 7301
110933 7302
110936 7303
110942 7304
110945 7305
110946 7306
110958 7307
111138 7308
111139 7309
111141 7310
111214 7311
111259 7312
111266 7313
111563 7314
111705 7315
111706 7316
111707 7317
111791 7318
112045 7319
112062 7320
112152 7321
112155 7322
112185 7323
112212 7324
112236 7325
112278 7326
112304 7327
112345 7328
112351 7329
112515 7330
112722 7331
112748 7332
112768 7333
112882 7334
112902 7335
112937 7336
112945 7337
112954 7338
112956 7339
112960 7340
112964 7341
112977 7342
112979 7343
112985 7344
112986 7345
112990 7346
112991 7347
113019 7348
113024 7349
113025 7350
113041 7351
113071 7352
113082 7353
113087 7354
113129 7355
113171 7356
113380 7357
113382 7358
113383 7359
113411 7360
113434 7361
113438 7362
113528 7363
113531 7364
113533 7365
113566 7366
113594 7367
113595 7368
113596 7369
113597 7370
113600 7371
113606 7372
113611 7373
113618 7374
113645 7375
113646 7376
113659 7377
113677 7378
113895 7379
113970 7380
113993 7381
114013 7382
114023 7383
114024 7384
114033 7385
114036 7386
114054 7387
114055 7388
114056 7389
114057 7390
114058 7391
114059 7392
114133 7393
114137 7394
114146 7395
114160 7396
114165 7397
114228 7398
114229 7399
114243 7400
114263 7401
114288 7402
114307 7403
114313 7404
114342 7405
114398 7406
114468 7407
114506 7408
114507 7409
114636 7410
114662 7411
114676 7412
114710 7413
114817 7414
114877 7415
114881 7416
114884 7417
114896 7418
114899 7419
115006 7420
115009 7421
115032 7422
115216 7423
115241 7424
115253 7425
115301 7426
115306 7427
115565 7428
115608 7429
115630 7430
115637 7431
115639 7432
115706 7433
115782 7434
115909 7435
115910 7436
115913 7437
115914 7438
115915 7439
115917 7440
115918 7441
115922 7442
115923 7443
115924 7444
115925 7445
115952 7446
115954 7447
115958 7448
115962 7449
115963 7450
115972 7451
116040 7452
116055 7453
116061 7454
116074 7455
116077 7456
116079 7457
116084 7458
116085 7459
116092 7460
116238 7461
116311 7462
116314 7463
116326 7464
116410 7465
116480 7466
116488 7467
116502 7468
116505 7469
116702 7470
116726 7471
116731 7472
116790 7473
116845 7474
116942 7475
116957 7476
116993 7477
117018 7478
117019 7479
117020 7480
117025 7481
117042 7482
117050 7483
117138 7484
117420 7485
117585 7486
117655 7487
117673 7488
117729 7489
117766 7490
117770 7491
117793 7492
117794 7493
117824 7494
117845 7495
117937 7496
117971 7497
118050 7498
118112 7499
118132 7500
118194 7501
118303 7502
118305 7503
118310 7504
118352 7505
118364 7506
118371 7507
118386 7508
118387 7509
118439 7510
118523 7511
118561 7512
118644 7513
118664 7514
118679 7515
118712 7516
118750 7517
118788 7518
118828 7519
118861 7520
118880 7521
118914 7522
118953 7523
118955 7524
119018 7525
119029 7526
119034 7527
119171 7528
119178 7529
119198 7530
119320 7531
119325 7532
119377 7533
119481 7534
119482 7535
119486 7536
119655 7537
119702 7538
119718 7539
119720 7540
119721 7541
119785 7542
119800 7543
119829 7544
119874 7545
119898 7546
120022 7547
120034 7548
120282 7549
120317 7550
120340 7551
120407 7552
120553 7553
120636 7554
120674 7555
120679 7556
120851 7557
120915 7558
121048 7559
121061 7560
121071 7561
121074 7562
121085 7563
121289 7564
121307 7565
121315 7566
121411 7567
121446 7568
121453 7569
121456 7570
121461 7571
121485 7572
121547 7573
121567 7574
121570 7575
121571 7576
121648 7577
121661 7578
121668 7579
121693 7580
121806 7581
121808 7582
121847 7583
121952 7584
121996 7585
122040 7586
122119 7587
122123 7588
122126 7589
122158 7590
122343 7591
122366 7592
122468 7593
122586 7594
122703 7595
122733 7596
122748 7597
122778 7598
122926 7599
122927 7600
122947 7601
122961 7602
122977 7603
122990 7604
123020 7605
123030 7606
123048 7607
123082 7608
123161 7609
123197 7610
123232 7611
123261 7612
123262 7613
123376 7614
123377 7615
123406 7616
123442 7617
123456 7618
123659 7619
123661 7620
123671 7621
123747 7622
123754 7623
123758 7624
123788 7625
123789 7626
123803 7627
123844 7628
123855 7629
123903 7630
123905 7631
123907 7632
123911 7633
123913 7634
123914 7635
123936 7636
123938 7637
123941 7638
123965 7639
123987 7640
124003 7641
124046 7642
124101 7643
124112 7644
124140 7645
124208 7646
124215 7647
124226 7648
124236 7649
124240 7650
124243 7651
124255 7652
124264 7653
124339 7654
124355 7655
124368 7656
124400 7657
124416 7658
124417 7659
124419 7660
124420 7661
124426 7662
124433 7663
124471 7664
124497 7665
124527 7666
124559 7667
124599 7668
124656 7669
124664 7670
124669 7671
124677 7672
124701 7673
124703 7674
124808 7675
124809 7676
124851 7677
124863 7678
124916 7679
124917 7680
124918 7681
124919 7682
124959 7683
124982 7684
124992 7685
124997 7686
125000 7687
125010 7688
125017 7689
125027 7690
125040 7691
125041 7692
125043 7693
125073 7694
125114 7695
125115 7696
125118 7697
125122 7698
125125 7699
125147 7700
125210 7701
125211 7702
125288 7703
125291 7704
125301 7705
125325 7706
125327 7707
125328 7708
125329 7709
125337 7710
125354 7711
125355 7712
125357 7713
125358 7714
125412 7715
125426 7716
125449 7717
125453 7718
125458 7719
125467 7720
125483 7721
125533 7722
125536 7723
125553 7724
125566 7725
125571 7726
125595 7727
125698 7728
125732 7729
125738 7730
125741 7731
125835 7732
125836 7733
125842 7734
125886 7735
125895 7736
125897 7737
125907 7738
125908 7739
125909 7740
125913 7741
125927 7742
125928 7743
125976 7744
125990 7745
125995 7746
126029 7747
126070 7748
126072 7749
126159 7750
126172 7751
126173 7752
126194 7753
126272 7754
126281 7755
126292 7756
126302 7757
126316 7758
126341 7759
126569 7760
126609 7761
126623 7762
126648 7763
126670 7764
126671 7765
126716 7766
126718 7767
126720 7768
126736 7769
126798 7770
126804 7771
126822 7772
126862 7773
126902 7774
126940 7775
126972 7776
126980 7777
127033 7778
127061 7779
127063 7780
127064 7781
127069 7782
127083 7783
127089 7784
127119 7785
127125 7786
127126 7787
127156 7788
127197 7789
127249 7790
127295 7791
127335 7792
127396 7793
127511 7794
127515 7795
127534 7796
127547 7797
127550 7798
127650 7799
127681 7800
127704 7801
127707 7802
127808 7803
127928 7804
127932 7805
127941 7806
127986 7807
127991 7808
127998 7809
128002 7810
128040 7811
128060 7812
128064 7813
128066 7814
128067 7815
128116 7816
128117 7817
128185 7818
128186 7819
128187 7820
128188 7821
128193 7822
128196 7823
128199 7824
128200 7825
128210 7826
128212 7827
128213 7828
128214 7829
128215 7830
128221 7831
128232 7832
128234 7833
128284 7834
128315 7835
128317 7836
128319 7837
128320 7838
128326 7839
128434 7840
128457 7841
128527 7842
128547 7843
128557 7844
128574 7845
128575 7846
128604 7847
128608 7848
128609 7849
128610 7850
128662 7851
128704 7852
128707 7853
128709 7854
128711 7855
128712 7856
128715 7857
128720 7858
128723 7859
128758 7860
128767 7861
128772 7862
128820 7863
128844 7864
128851 7865
128854 7866
128855 7867
128857 7868
128860 7869
128870 7870
128918 7871
128927 7872
128928 7873
128929 7874
128945 7875
128946 7876
129006 7877
129012 7878
129014 7879
129064 7880
129067 7881
129077 7882
129133 7883
129136 7884
129141 7885
129161 7886
129283 7887
129423 7888
129424 7889
129426 7890
129427 7891
129428 7892
129430 7893
129459 7894
129485 7895
129553 7896
129619 7897
129622 7898
129627 7899
129643 7900
129646 7901
129687 7902
129729 7903
129730 7904
129782 7905
129795 7906
129888 7907
129943 7908
129944 7909
129963 7910
129967 7911
129970 7912
129973 7913
129974 7914
129991 7915
129993 7916
129997 7917
129999 7918
130004 7919
130015 7920
130018 7921
130029 7922
130049 7923
130074 7924
130133 7925
130135 7926
130310 7927
130352 7928
130353 7929
130356 7930
130570 7931
131317 7932
131377 7933
131430 7934
131432 7935
131454 7936
131507 7937
131832 7938
131850 7939
131870 7940
131875 7941
131976 7942
132667 7943
132671 7944
132723 7945
132727 7946
132742 7947
132898 7948
132921 7949
133114 7950
133240 7951
133554 7952
133818 7953
133867 7954
133891 7955
134422 7956
134424 7957
134426 7958
134427 7959
134465 7960
134472 7961
134474 7962
134490 7963
134494 7964
134501 7965
134508 7966
134545 7967
134561 7968
134564 7969
134607 7970
134651 7971
134653 7972
134655 7973
134663 7974
134683 7975
134684 7976
134702 7977
134703 7978
134710 7979
134796 7980
134808 7981
134812 7982
134829 7983
134894 7984
134896 7985
134901 7986
134904 7987
134923 7988
134930 7989
135957 7990
136075 7991
136147 7992
136148 7993
136149 7994
136150 7995
136266 7996
136312 7997
136370 7998
136505 7999
136737 8000
136738 8001
136760 8002
136811 8003
136843 8004
136856 8005
136945 8006
137055 8007
137373 8008
137376 8009
137430 8010
137439 8011
137564 8012
137639 8013
137690 8014
137694 8015
137697 8016
137792 8017
137829 8018
137863 8019
137877 8020
137882 8021
137884 8022
137898 8023
137915 8024
137925 8025
137929 8026
137961 8027
138004 8028
138011 8029
138039 8030
138042 8031
138066 8032
138069 8033
138071 8034
138225 8035
138259 8036
138264 8037
138301 8038
139013 8039
139807 8040
139965 8041
139984 8042
140068 8043
140216 8044
140261 8045
140318 8046
140328 8047
140445 8048
140460 8049
140477 8050
140501 8051
140746 8052
140823 8053
141152 8054
141173 8055
141231 8056
141262 8057
141264 8058
141265 8059
141312 8060
141398 8061
141415 8062
141420 8063
141473 8064
141600 8065
141819 8066
141821 8067
141825 8068
141857 8069
141938 8070
141939 8071
141940 8072
141950 8073
141980 8074
141997 8075
142006 8076
142031 8077
142040 8078
142041 8079
142052 8080
142062 8081
142069 8082
142076 8083
142083 8084
142084 8085
142090 8086
142093 8087
142141 8088
142146 8089
142172 8090
142188 8091
142246 8092
142256 8093
142261 8094
142262 8095
142265 8096
142269 8097
142273 8098
142277 8099
142278 8100
142289 8101
142302 8102
142324 8103
142325 8104
142326 8105
142327 8106
142330 8107
142364 8108
142374 8109
142386 8110
142388 8111
142389 8112
142391 8113
142399 8114
142400 8115
142407 8116
142411 8117
142413 8118
142468 8119
142507 8120
142508 8121
142509 8122
142538 8123
142541 8124
142730 8125
142950 8126
142982 8127
142991 8128
142994 8129
143006 8130
143029 8131
143233 8132
143284 8133
143472 8134
143566 8135
143567 8136
143575 8137
143576 8138
143578 8139
143581 8140
143582 8141
143590 8142
143603 8143
143605 8144
143608 8145
143614 8146
143618 8147
143626 8148
143632 8149
143636 8150
143645 8151
143649 8152
143651 8153
143660 8154
143665 8155
143666 8156
143771 8157
144119 8158
144123 8159
144124 8160
144132 8161
144139 8162
144146 8163
144156 8164
144362 8165
144661 8166
144686 8167
144717 8168
145053 8169
145056 8170
145059 8171
145060 8172
145275 8173
145364 8174
145366 8175
145428 8176
145466 8177
145560 8178
145564 8179
145566 8180
145752 8181
145828 8182
146153 8183
146357 8184
147748 8185
147773 8186
147774 8187
147910 8188
147925 8189
148059 8190
148273 8191
148365 8192
148391 8193
148481 8194
148648 8195
149290 8196
149291 8197
149321 8198
149323 8199
149533 8200
149842 8201
149968 8202
150001 8203
150007 8204
150222 8205
150564 8206
150570 8207
150643 8208
150682 8209
150708 8210
150772 8211
150773 8212
150901 8213
150958 8214
151229 8215
151232 8216
151233 8217
151486 8218
151987 8219
152098 8220
152304 8221
152331 8222
152510 8223
152666 8224
152775 8225
152779 8226
152783 8227
152811 8228
152876 8229
152884 8230
153113 8231
153114 8232
153126 8233
153151 8234
153156 8235
153202 8236
153205 8237
153284 8238
153288 8239
153294 8240
153297 8241
153383 8242
153396 8243
153397 8244
153401 8245
153404 8246
153422 8247
153461 8248
153477 8249
153570 8250
153607 8251
153809 8252
153857 8253
154036 8254
154063 8255
154080 8256
154087 8257
154098 8258
154182 8259
154222 8260
154235 8261
154245 8262
154246 8263
154248 8264
154249 8265
154300 8266
154301 8267
154397 8268
154473 8269
154599 8270
154602 8271
154604 8272
154703 8273
154704 8274
154772 8275
154868 8276
154875 8277
154887 8278
154907 8279
154924 8280
154925 8281
154926 8282
155016 8283
155021 8284
155033 8285
155120 8286
155198 8287
155211 8288
155268 8289
155277 8290
155279 8291
155299 8292
155301 8293
155307 8294
155426 8295
155457 8296
155494 8297
155511 8298
155575 8299
155577 8300
155582 8301
155591 8302
155846 8303
155850 8304
155891 8305
155960 8306
155961 8307
156035 8308
156039 8309
156082 8310
156083 8311
156085 8312
156098 8313
156101 8314
156151 8315
156161 8316
156167 8317
156301 8318
156378 8319
156386 8320
156394 8321
156411 8322
156413 8323
156449 8324
156515 8325
156546 8326
156557 8327
156608 8328
156719 8329
156739 8330
156810 8331
156832 8332
156842 8333
156864 8334
156891 8335
156941 8336
157099 8337
157146 8338
157169 8339
157212 8340
157259 8341
157359 8342
157440 8343
157444 8344
157713 8345
157785 8346
157957 8347
157999 8348
158020 8349
158024 8350
158069 8351
158088 8352
158108 8353
158153 8354
158356 8355
158436 8356
158467 8357
158514 8358
158544 8359
158643 8360
158652 8361
158666 8362
158679 8363
158812 8364
158821 8365
158822 8366
158827 8367
158899 8368
158900 8369
158959 8370
158990 8371
158998 8372
159115 8373
159295 8374
159357 8375
159381 8376
159393 8377
159398 8378
159408 8379
159414 8380
159418 8381
159419 8382
159558 8383
159561 8384
159663 8385
159688 8386
159912 8387
159914 8388
159946 8389
159947 8390
159949 8391
159959 8392
159962 8393
159983 8394
159999 8395
160201 8396
160236 8397
160310 8398
160590 8399
160708 8400
160778 8401
160947 8402
160977 8403
160989 8404
161338 8405
161563 8406
161564 8407
161575 8408
161577 8409
161861 8410
161920 8411
161982 8412
161988 8413
162085 8414
162203 8415
162256 8416
162261 8417
162265 8418
162278 8419
162317 8420
162318 8421
162363 8422
162367 8423
162410 8424
162512 8425
162649 8426
162769 8427
162773 8428
162774 8429
162867 8430
162899 8431
163110 8432
163121 8433
163329 8434
163330 8435
163369 8436
164172 8437
165057 8438
165189 8439
165204 8440
165212 8441
165223 8442
165226 8443
165569 8444
166380 8445
166388 8446
166441 8447
166497 8448
166525 8449
166526 8450
166600 8451
166830 8452
167314 8453
167384 8454
167840 8455
167844 8456
167846 8457
167864 8458
167946 8459
167949 8460
167952 8461
167992 8462
168143 8463
168469 8464
168478 8465
168482 8466
168484 8467
168485 8468
168487 8469
168492 8470
168522 8471
168573 8472
168733 8473
168756 8474
168760 8475
168768 8476
169656 8477
169966 8478
170007 8479
170034 8480
170041 8481
170070 8482
170073 8483
170659 8484
171244 8485
171316 8486
171494 8487
172532 8488
172830 8489
173012 8490
173203 8491
173616 8492
173759 8493
173959 8494
173964 8495
173984 8496
173987 8497
173989 8498
174089 8499
174101 8500
174158 8501
174201 8502
174361 8503
174379 8504
174607 8505
175104 8506
175636 8507
175644 8508
175692 8509
175739 8510
175865 8511
175869 8512
176028 8513
176146 8514
176332 8515
176379 8516
176380 8517
176381 8518
176385 8519
176465 8520
176487 8521
176489 8522
176519 8523
176644 8524
176787 8525
176788 8526
176796 8527
176798 8528
176799 8529
176922 8530
177168 8531
177315 8532
177356 8533
177357 8534
177419 8535
177669 8536
177794 8537
177842 8538
177974 8539
177986 8540
177988 8541
178025 8542
178026 8543
178032 8544
178118 8545
178164 8546
178197 8547
178449 8548
178532 8549
178537 8550
178685 8551
178800 8552
178801 8553
178817 8554
179156 8555
179209 8556
179238 8557
179246 8558
179281 8559
179306 8560
179328 8561
179381 8562
179499 8563
179642 8564
179913 8565
179951 8566
180108 8567
180150 8568
180348 8569
180473 8570
180565 8571
180640 8572
180746 8573
180838 8574
180925 8575
180949 8576
180989 8577
180996 8578
181111 8579
181121 8580
181351 8581
181633 8582
181672 8583
181783 8584
181811 8585
182023 8586
182106 8587
182114 8588
182116 8589
182133 8590
182134 8591
182313 8592
182500 8593
183263 8594
183324 8595
183371 8596
183404 8597
183554 8598
183560 8599
183580 8600
183627 8601
184421 8602
184788 8603
185603 8604
185680 8605
185782 8606
185783 8607
185810 8608
185860 8609
186285 8610
186578 8611
186579 8612
186581 8613
187213 8614
187230 8615
187231 8616
187232 8617
187928 8618
187962 8619
188129 8620
188163 8621
188168 8622
188438 8623
188619 8624
188741 8625
188847 8626
188866 8627
188867 8628
188924 8629
188950 8630
188962 8631
188971 8632
188973 8633
188974 8634
189118 8635
189147 8636
189695 8637
189748 8638
189786 8639
190023 8640
190048 8641
190050 8642
190162 8643
190262 8644
190335 8645
190338 8646
190355 8647
190357 8648
190515 8649
190526 8650
191009 8651
191421 8652
191422 8653
191423 8654
191985 8655
191987 8656
192048 8657
192121 8658
192162 8659
192255 8660
192646 8661
193155 8662
193304 8663
193306 8664
193320 8665
193514 8666
193516 8667
193814 8668
193899 8669
194013 8670
194130 8671
194192 8672
194382 8673
194395 8674
194646 8675
194780 8676
194967 8677
194973 8678
194984 8679
195364 8680
195385 8681
195791 8682
196091 8683
196414 8684
