1 77
0 12
9 83
8 2
7 11
6 11
5 11
4 11
11 78
28 11
27 66
26 11
25 64
24 11
23 41
22 59
21 20
20 97
19 11
18 11
17 64
83 53
30 96
33 11
120 21
119 26
64 11
2 11
85 11
92 11
118 55
117 11
116 5
3 11
115 11
73 90
99 53
84 11
91 42
94 42
74 11
53 11
114 11
113 11
112 64
90 11
111 11
109 11
81 11
80 11
110 37
107 64
108 11
44 4
106 11
105 11
104 37
103 11
102 11
101 11
100 60
41 11
98 35
97 11
96 66
48 11
42 1
95 50
93 86
82 11
89 64
88 21
39 11
86 11
87 11
68 11
59 11
32 11
37 11
79 11
78 11
77 11
52 11
76 11
75 11
72 18
63 62
71 11
70 54
69 11
36 67
35 88
245 88
128 11
135 11
191 81
239 2
131 11
214 18
175 42
151 37
201 11
139 11
244 35
222 11
219 41
240 11
163 11
237 50
226 11
149 11
215 82
243 11
229 11
242 64
232 11
194 11
241 17
205 36
173 11
238 11
221 11
236 11
220 78
235 11
159 96
233 11
234 2
189 78
231 11
230 99
228 11
227 63
152 90
225 11
147 98
200 11
224 97
223 11
124 69
218 87
217 49
216 82
213 11
212 47
211 11
210 11
209 21
208 11
179 11
192 11
206 64
153 18
207 64
186 77
193 11
130 76
204 11
203 41
140 23
202 34
133 11
199 66
198 11
136 97
197 11
196 42
195 11
164 11
190 11
154 42
188 64
158 99
167 11
168 50
181 11
187 32
378 11
373 11
334 95
276 33
248 11
305 11
370 12
377 11
375 11
376 32
335 11
348 92
350 11
372 67
366 40
336 11
367 24
374 11
343 49
371 54
368 11
345 2
344 11
332 24
290 11
287 11
266 11
369 50
289 11
283 2
351 17
268 34
258 51
263 21
361 2
353 63
288 53
365 11
364 5
363 18
352 1
362 42
359 11
339 11
330 2
355 61
256 63
360 10
358 11
357 11
356 11
354 58
342 22
349 11
347 11
346 11
341 11
340 11
338 90
337 11
333 64
301 2
324 51
314 11
262 85
331 11
329 11
169 11
328 49
327 96
156 11
267 67
326 11
284 11
325 81
323 64
322 11
321 80
46 11
278 11
320 11
319 93
299 11
318 11
317 11
315 42
316 11
313 11
312 11
311 7
310 92
247 11
309 34
249 12
308 11
307 92
285 11
306 11
297 11
14 11
304 11
303 11
302 2
380 67
379 78
543 64
542 49
541 11
499 11
540 11
539 11
538 11
537 11
525 8
516 11
536 11
389 11
535 11
534 53
533 89
505 77
532 11
382 11
397 11
531 11
530 11
529 69
386 11
473 11
504 11
523 81
528 11
527 95
526 11
500 99
429 11
512 11
517 11
524 55
522 10
467 11
498 11
521 10
520 26
519 18
518 66
515 53
392 11
510 11
514 73
513 11
511 64
445 11
509 96
508 0
507 0
465 11
506 58
54 11
503 64
414 11
502 11
501 11
463 8
497 11
50 11
496 33
440 46
432 11
495 69
494 50
493 78
492 11
491 11
293 11
490 72
481 11
489 8
488 33
487 89
486 11
453 62
485 52
484 74
461 11
460 11
483 11
482 11
443 86
430 11
474 34
480 51
479 66
424 11
478 85
452 59
477 20
476 20
475 31
472 2
442 33
400 7
459 68
471 83
470 17
469 97
405 73
404 11
466 11
468 11
422 11
578 11
544 11
579 29
546 16
566 11
577 50
562 2
576 8
575 11
554 35
570 59
574 64
10 11
396 97
573 8
560 55
547 11
572 55
571 18
569 20
568 71
551 95
60 60
567 11
565 38
564 11
563 65
552 63
561 49
559 29
558 22
557 78
556 73
555 39
127 11
582 95
594 11
597 11
596 11
595 11
593 11
592 11
591 11
590 96
585 2
589 11
588 88
408 11
600 11
612 89
613 86
615 52
614 11
609 11
67 11
631 11
632 11
670 70
680 52
679 76
678 18
630 96
677 11
675 64
622 66
676 50
674 48
673 62
672 76
671 11
669 97
668 11
667 63
666 11
665 40
664 11
663 11
642 11
627 59
657 11
651 96
662 58
661 97
660 41
659 23
658 67
621 11
643 16
629 11
637 71
633 76
656 11
652 54
655 11
648 11
654 1
653 34
650 11
649 69
647 11
646 2
644 11
645 34
641 11
640 41
639 60
638 11
636 97
681 11
682 42
727 8
696 11
726 11
683 11
709 11
725 35
702 11
685 11
720 8
701 97
724 98
710 12
698 11
703 9
723 50
704 10
706 98
689 9
722 96
684 11
721 11
699 98
687 10
625 11
700 42
691 97
719 97
718 11
717 63
716 11
715 61
714 11
688 60
686 11
713 11
728 11
838 11
786 11
835 64
837 11
836 11
748 99
775 11
825 57
734 11
580 88
804 25
735 2
737 33
739 33
834 11
805 11
31 11
758 11
781 10
833 11
832 18
831 11
788 11
830 91
829 11
828 53
827 82
826 11
795 11
780 11
824 52
253 11
823 90
745 69
822 91
821 53
732 11
740 96
783 11
761 23
820 17
819 55
553 97
777 77
818 77
817 96
802 21
816 35
815 99
814 35
813 11
812 71
811 11
810 55
809 11
808 11
281 11
807 12
806 11
776 62
803 92
29 60
801 7
798 64
800 11
797 34
741 51
799 11
769 10
770 81
790 45
796 27
746 21
792 55
794 77
793 17
791 11
773 90
789 56
549 1
548 30
787 59
747 11
785 97
768 96
784 11
782 10
779 52
778 11
774 11
772 42
771 11
767 42
766 11
765 11
764 11
763 11
762 85
736 10
760 64
759 60
754 96
757 1
855 11
917 11
905 96
904 11
933 11
941 53
926 82
940 71
936 11
885 11
920 11
924 11
928 11
939 64
938 82
937 18
915 36
912 11
857 11
935 88
922 11
934 11
921 11
931 42
932 39
918 87
930 47
929 57
927 11
923 11
919 58
925 85
916 11
914 18
913 11
907 55
911 73
910 62
451 11
909 11
879 11
883 11
259 11
881 8
908 11
844 11
906 16
877 11
903 11
839 5
902 77
859 11
730 49
901 73
860 95
900 11
899 11
255 11
898 97
897 11
166 49
184 11
854 50
896 22
951 25
950 11
949 88
634 96
948 76
947 11
583 11
946 62
409 11
954 11
953 2
963 88
49 11
962 68
961 88
960 11
455 11
958 66
959 11
878 66
1001 41
997 48
1002 89
999 11
1000 66
172 11
995 11
998 50
976 11
996 11
994 97
993 11
990 11
992 11
991 11
989 11
988 11
985 11
987 11
986 11
979 11
984 22
983 11
982 11
981 58
282 10
980 25
1022 32
1013 11
1021 22
1020 1
1009 11
1019 55
1018 40
1014 11
1015 42
1017 11
1016 64
269 11
890 67
1007 42
752 82
1012 11
1011 58
1010 66
406 34
384 62
411 11
182 1
66 34
1008 83
623 11
1079 11
1083 11
1109 82
1108 95
180 1
1092 92
1104 11
1107 25
1084 22
161 95
1106 1
1076 11
1105 66
1097 67
1103 21
1088 11
1102 70
1069 92
1094 2
1032 49
1052 11
1041 99
1096 21
1101 22
1077 49
1036 96
1090 11
1100 11
1099 11
1050 11
1073 11
1098 64
1081 62
1095 95
1093 22
142 11
1091 70
1089 25
1087 11
1086 2
1070 76
1085 11
1082 64
1066 11
1080 60
1078 2
1075 26
1074 92
1034 73
1072 99
1071 55
1045 39
1023 35
1068 42
1067 25
1062 11
1065 18
1064 94
410 11
1046 39
38 49
1063 58
1129 22
1124 33
1128 11
1116 11
1127 11
1126 27
1125 11
270 53
1123 64
1122 45
1121 61
1120 42
1119 43
1118 88
1117 11
1115 58
1114 42
1151 70
1150 11
1149 11
1148 92
1147 11
1146 11
1145 1
1144 21
1130 95
1143 11
1142 85
1141 54
1140 42
1139 11
1138 78
1137 41
853 10
1136 11
1135 11
845 28
1162 11
1160 11
1161 11
1159 11
1158 11
1157 10
292 63
610 11
1156 11
1170 11
1173 78
1177 78
1176 15
1167 11
1175 7
1174 42
1172 53
1171 62
1169 66
1163 11
1168 60
1164 80
1166 14
733 43
1198 11
1197 11
1184 33
1180 63
1006 2
1196 92
1221 11
1213 50
1220 11
1219 11
1216 81
1214 44
1218 7
1210 67
1217 2
1200 11
1206 11
1215 7
1205 11
1212 78
1211 11
1209 81
1208 11
1207 18
1238 49
1234 34
1237 35
1236 35
1235 65
1233 11
1226 41
1232 37
1231 11
856 11
1230 11
1229 19
891 57
1228 86
1240 42
1241 64
1242 11
1249 34
1248 34
1245 80
1247 88
1246 2
1244 77
1266 11
1264 74
1272 81
1271 88
1270 92
1269 96
1268 64
1267 91
1265 52
1263 73
1058 8
1262 11
1261 11
1258 42
738 7
1260 76
1259 35
1274 89
1273 11
1276 56
1278 95
1275 47
1277 11
1284 11
1297 42
1282 11
1285 11
1286 59
1295 11
1289 11
1296 7
1280 66
1287 2
1294 12
1290 1
1291 11
1293 35
1292 11
1288 11
1281 26
1300 55
1298 11
1299 69
1301 11
1302 11
1303 11
1307 29
1306 42
1305 11
1339 10
1338 29
1337 78
1336 11
978 11
1308 11
1331 92
1315 1
628 11
398 11
1310 37
1335 11
1334 11
872 11
1309 64
1324 11
1333 11
261 11
1323 11
1332 54
603 11
1330 49
1329 49
1325 36
1328 22
1327 72
1326 41
1317 97
1322 64
1321 51
1316 42
1440 59
1439 11
1428 11
1341 11
1374 11
1438 99
1437 82
1350 11
1436 18
1423 11
1435 24
1425 21
1434 77
1363 10
1433 84
1347 48
1424 33
1349 11
1432 55
434 11
1431 52
1430 11
1360 11
1429 10
1427 11
1426 11
1376 64
1413 18
626 11
1419 11
1422 23
1421 64
1346 81
1420 1
1364 11
751 11
1355 85
1405 11
1418 40
1392 42
1411 11
1181 34
1381 58
1417 87
176 42
1373 51
1416 11
1415 11
423 11
420 53
1345 56
1386 1
1406 11
1378 11
1383 74
1414 11
170 72
1412 23
944 77
273 11
1410 85
1409 28
1393 11
1408 11
16 11
15 7
1375 40
1407 11
1359 42
1402 67
295 1
1404 64
1403 41
1401 49
1400 45
1399 22
1388 37
1398 1
1344 11
1397 44
1396 48
887 11
1362 61
1352 54
1395 18
1394 11
1387 23
250 68
129 41
1391 72
274 11
1365 55
1390 26
1353 89
1389 11
1442 77
1444 43
1443 7
1448 11
1447 11
1456 11
1445 11
1469 11
1470 11
1476 94
1475 11
1467 96
1468 11
1474 43
1463 11
1473 11
1472 11
1457 11
1471 11
1466 35
1465 11
1464 86
1459 11
1462 11
1458 15
1461 34
1454 11
1460 10
1482 11
1481 11
1480 11
1479 11
1478 11
1564 48
1489 11
1542 11
1534 11
1559 11
1508 11
1563 91
1562 4
1552 11
1561 50
1560 11
1498 11
1554 5
1510 60
1505 11
1551 97
1530 21
1528 11
1558 11
1557 11
1516 11
1524 11
1487 96
1556 64
1533 99
57 11
1555 11
1502 11
1553 11
1527 11
1547 64
1550 26
1549 37
1521 51
1548 46
1483 48
1526 29
1546 39
1545 67
1540 49
1490 11
1514 11
1501 11
1544 11
1485 64
1543 11
1541 11
1509 26
1503 92
1520 70
1538 64
1539 43
620 66
1512 85
1537 79
1536 11
1535 11
1531 76
1532 11
1529 74
1519 56
1522 96
1525 64
1523 11
1511 96
1500 38
1518 11
1484 11
1517 38
1491 27
852 11
1515 21
137 76
1568 11
1610 37
1588 11
1611 11
1598 11
1607 39
705 11
1580 97
895 11
1596 94
1609 11
847 22
1608 64
1606 42
1569 11
1583 11
1061 7
1570 55
1602 88
1605 11
1604 11
1567 17
272 22
1603 97
945 11
712 67
1597 66
1601 41
1600 11
1594 55
1599 43
134 73
1595 8
893 49
1593 66
1592 78
138 11
1591 43
1578 42
1110 37
1590 1
1589 34
1251 0
1587 64
1566 39
1586 50
1613 11
1636 46
1630 92
1616 11
1615 11
1640 11
1628 41
1618 11
1629 11
1612 2
431 11
1652 42
1648 46
1662 8
1627 51
1621 36
1661 17
1187 42
1660 37
1659 11
967 1
1658 51
966 50
1651 51
1657 70
1656 54
1367 11
1655 7
1654 49
1653 99
1645 41
1650 13
1626 66
1649 70
1641 49
1623 85
1647 11
1646 11
1154 5
1633 11
1643 41
1644 42
1642 49
1620 66
1617 17
1639 51
1384 95
1638 16
1637 22
1634 2
889 82
1455 88
1201 11
1668 49
1667 63
1666 11
1665 11
1664 11
1677 64
1256 11
1676 77
1670 69
1669 11
1671 11
1675 96
1674 32
1673 50
1672 80
1712 11
1708 11
1713 11
1725 11
1711 11
1729 64
1728 88
1717 78
1727 98
1723 95
1724 98
1726 69
1715 11
1720 33
1709 11
1722 58
1721 61
1714 11
1719 59
1718 81
1716 71
1710 8
1707 11
1684 42
873 11
1190 11
1681 18
286 64
1706 36
1700 11
1703 11
1695 11
1705 8
458 16
1698 97
1704 66
1702 11
942 11
973 49
1732 11
1731 64
604 11
1755 11
1733 11
1754 11
1745 96
1753 33
1752 73
1741 96
1751 26
1750 11
1738 78
1749 10
1744 26
1748 64
141 11
1747 35
1735 2
1734 91
1746 78
1740 96
1743 97
1742 99
1736 11
1756 82
1759 11
1757 88
1758 11
1761 76
1857 96
1856 48
1763 11
1821 11
1803 35
1787 11
1855 25
1849 11
1771 11
1837 11
1854 11
1845 11
1834 11
1782 34
1777 11
1853 25
1852 26
1828 64
1851 60
1250 11
1850 11
1452 11
1780 49
1848 34
624 73
1847 26
1846 22
1053 11
1060 11
1059 63
1823 2
1769 27
1844 77
1843 11
1842 86
1571 64
1005 41
1057 33
1841 18
279 1
1840 62
1839 27
1838 55
1054 64
1836 67
1835 87
1833 11
1051 39
1832 78
1047 60
1831 86
1830 91
1829 11
1048 27
1827 77
1764 86
1826 41
1825 5
1824 67
1224 49
1822 2
1820 49
1819 88
1044 70
1818 64
1817 72
1043 39
1816 11
1815 11
1814 85
1813 5
1812 48
1811 64
1810 11
1809 42
1799 7
1928 96
1927 72
1900 8
1880 66
1926 11
1860 11
1906 11
1890 11
1859 11
1925 35
1924 57
1919 82
1915 86
1921 73
1882 66
1923 41
1872 11
1899 11
1922 85
1869 41
1739 67
1858 11
1884 99
1920 11
1914 53
1918 54
1917 11
1904 11
1886 41
1225 11
1035 85
1892 72
1903 42
1870 11
456 60
1916 43
1913 23
1908 63
744 71
1894 41
1871 7
1865 11
1881 1
851 78
1902 96
1877 8
1573 49
1912 62
1152 56
1911 18
1885 37
598 11
1910 11
1897 82
1909 11
1907 82
1905 11
1901 66
1947 7
1946 11
1935 99
1945 11
1944 11
1943 81
1942 55
1939 11
1941 58
1932 87
123 11
969 34
1807 41
1940 88
1929 11
1938 64
1950 78
1948 11
1188 11
1981 11
1952 11
1976 11
1953 11
2012 89
2022 11
2025 89
2011 96
2024 36
1975 11
2023 88
2021 11
1987 11
1967 62
2020 11
2019 80
2018 11
2017 11
1992 22
1971 58
2016 48
2015 1
2014 46
1991 11
2013 11
2010 5
1988 11
1965 11
2007 11
1998 18
869 61
2009 33
257 10
2008 11
1990 55
2006 2
2005 11
2004 83
1978 64
2003 11
1989 96
2002 61
1986 2
1993 48
2001 53
2000 18
1983 91
1999 11
265 92
975 2
1959 33
1994 11
1970 86
1997 73
1974 38
1182 11
977 62
1222 96
1996 82
1995 11
1964 77
1977 87
1960 1
1973 11
1691 11
1968 55
1954 22
2038 11
2037 11
2036 37
2035 11
2034 11
2032 11
2033 11
2031 11
2030 46
2029 98
2028 16
2027 98
2026 5
2046 11
2073 11
2088 64
2045 11
2089 38
2087 34
2061 64
2086 11
2065 11
51 41
449 72
2066 64
2085 64
1874 49
2084 36
2083 11
2082 11
1625 11
581 58
2081 42
2080 11
2077 94
300 12
2064 49
2079 88
2076 49
2078 11
2075 34
2074 96
122 11
2053 11
2044 29
2072 95
2071 11
2070 64
2069 7
2068 49
2067 99
1692 91
605 54
447 60
391 99
2063 11
2062 11
2060 88
584 11
2059 42
2058 11
2057 86
2056 18
2055 43
888 43
2054 96
2052 11
2051 64
2050 44
1798 53
2143 11
1227 76
2150 11
2153 11
2126 11
2152 11
2133 64
2095 74
2151 70
2137 8
2147 25
2140 58
2090 55
2149 11
2135 62
2148 2
2145 11
2146 70
2110 11
2144 58
2142 67
2141 73
2139 63
2138 92
2136 11
2134 55
2129 58
2132 64
2127 11
2131 11
2119 78
2130 10
2105 11
2123 35
2092 11
2104 11
2128 42
2101 11
2099 11
2091 11
2125 58
171 11
2113 26
865 41
2117 82
1056 17
413 69
385 91
2124 25
2107 62
1768 78
1049 11
2122 39
2121 99
2120 27
2157 11
2156 88
2155 99
886 11
2180 11
2185 11
2181 11
2172 97
2171 78
2178 80
2184 7
2183 11
2182 11
2179 34
2177 54
2176 95
2187 49
2186 34
2195 11
2109 86
2199 11
2198 11
2197 11
2196 95
2194 73
2192 23
2189 10
2193 11
2210 11
2209 11
2208 2
2207 11
2206 90
2204 11
2200 11
2212 35
2213 50
1183 47
2211 76
433 32
2236 89
2243 11
2229 88
2249 11
2242 11
2238 11
2216 11
2254 25
2248 11
2240 49
2253 53
2252 70
2239 62
2251 92
2245 50
2246 62
2250 82
2247 92
2241 11
2244 99
2232 11
2237 55
407 11
1984 18
2220 11
1194 64
2235 11
2230 11
2224 38
1701 11
1040 87
1699 11
2218 32
2217 22
2234 11
419 42
2231 58
2173 64
402 64
2233 22
2258 11
2260 77
2259 11
2257 91
2256 42
2336 11
2335 11
2300 11
2327 64
2337 11
2317 0
2316 51
2324 11
2309 11
2334 77
2332 67
2315 67
2298 10
2263 2
2333 22
2279 74
2325 1
2265 11
2331 41
2267 11
2321 88
2320 49
2330 50
2293 11
2288 7
2329 11
2328 11
2302 11
2295 11
2326 50
2318 53
2299 11
2319 1
2323 11
2322 66
2314 22
2313 77
2306 28
2312 2
2311 11
952 88
2310 11
2308 59
2307 64
2304 8
2283 21
2305 11
2303 11
2301 7
2154 32
2297 11
2296 55
2294 11
2269 0
2272 50
2282 17
2266 22
2262 8
2286 41
2271 5
2276 86
2287 67
2274 19
2292 43
2291 34
1730 49
2338 11
2339 11
2340 34
2345 88
2344 77
2343 11
2342 53
2341 70
2355 55
2353 11
2352 11
2354 11
2346 1
867 58
2348 53
607 11
2349 37
2351 53
2350 0
2356 11
2376 52
2372 97
2368 11
2377 39
2366 66
1765 49
2375 11
2361 92
2367 42
2373 99
2370 25
2365 11
2374 96
2371 7
2369 97
2364 11
2382 53
2384 97
2383 11
2381 11
439 7
2378 73
2380 2
2399 37
2405 54
2397 53
2404 52
2402 11
2403 64
606 11
2401 45
2400 42
2398 54
2396 77
2395 97
2394 87
2393 11
2392 2
2420 97
2421 11
2414 34
2408 11
2415 11
2407 81
2418 11
2423 11
2417 64
2422 88
2419 54
2416 20
2413 2
2412 11
2411 2
2406 11
2473 11
2486 53
2487 2
2426 11
2485 11
2275 69
2430 11
2484 34
2433 11
2474 11
2459 91
2483 11
2460 11
2261 93
2482 52
2481 11
2441 1
2480 11
2468 11
2470 89
2479 1
2478 37
2477 45
2476 59
2475 85
2472 64
2471 7
2469 11
2467 11
2466 90
2465 11
2464 64
2463 5
2462 85
2461 50
2450 86
2454 11
2431 33
2458 11
2455 88
2457 49
2428 88
880 11
2456 11
2434 38
2432 60
2452 95
2439 1
2424 11
264 26
1896 58
2453 7
2429 91
2490 64
2489 11
2488 11
2495 11
2494 34
450 11
2493 99
1477 49
2519 11
2520 42
2506 11
418 88
2510 49
2518 11
2517 11
2508 36
2516 9
2515 9
2514 11
2512 6
2509 45
2513 11
2503 64
2511 6
1690 98
160 64
2521 97
2526 42
2525 11
2524 34
2528 11
2531 11
2527 49
2530 87
2532 33
2533 87
2537 11
2549 62
2548 11
2547 99
2542 11
2546 11
2540 58
2538 80
2544 25
2545 91
2543 48
2541 11
2539 99
2550 11
2551 88
2556 11
2572 11
2573 11
2562 71
2557 62
2554 11
2560 92
2568 89
2571 91
2558 88
2570 11
2569 2
2559 11
2567 11
2566 59
2565 58
2564 11
2563 18
2574 11
2579 78
2581 33
2584 11
2583 46
2587 96
2586 96
2585 52
2590 30
2594 11
2598 88
2597 11
2223 11
2595 8
2589 53
2588 11
2596 11
2591 11
2592 11
2602 11
2617 11
2601 11
2609 42
2616 91
2615 13
2604 27
2614 34
34 21
2535 11
2613 96
2605 67
2612 11
2618 2
2622 97
1955 97
1766 12
1223 38
2621 39
2190 11
2620 78
2619 1
2633 11
2636 11
2638 42
2631 11
2637 11
2635 70
2632 67
2634 18
2630 55
150 1
2629 64
2628 1
1802 94
2646 11
2448 11
2645 63
12 11
2644 81
1574 11
1186 11
2643 66
2642 67
2641 11
1371 82
2649 68
2648 11
2647 5
2666 11
2664 11
2665 67
2093 2
1804 11
132 11
2663 67
2112 27
1693 33
2662 64
2661 72
1805 11
2660 35
144 55
1153 18
2673 97
2667 18
2672 9
2671 32
2670 96
271 43
2669 1
2668 22
2674 11
2676 44
1696 37
2639 11
2675 97
1887 48
2679 11
2681 67
2683 53
2682 12
2680 37
2678 50
2685 11
2684 11
2691 51
2690 25
2689 11
2688 5
2686 51
2694 72
2693 12
2692 68
2730 57
2717 11
2702 11
2721 22
2722 10
2728 10
2729 54
2709 11
2727 64
2726 50
2725 11
2723 11
2724 96
2719 99
2720 82
2718 35
2716 11
2715 21
2714 11
2713 71
2712 34
2711 11
2705 91
2710 74
2708 10
185 88
2695 34
2703 10
1343 58
2735 78
2734 11
2731 11
2750 11
2753 33
2754 11
2756 97
426 32
2755 11
2752 18
2751 11
1279 64
955 14
2749 7
2748 27
294 88
2743 86
177 77
2740 99
616 21
876 66
2738 11
2747 14
2164 99
2746 11
2771 11
2758 21
2115 11
2775 33
2777 88
2776 11
2764 11
2760 11
2774 49
2766 49
2773 21
2769 64
2772 89
2761 49
403 52
2757 11
2451 67
2770 11
2768 22
2765 36
2767 55
2116 45
126 10
2763 11
2800 11
2779 11
2796 60
2778 11
2799 41
125 11
2798 58
148 9
2797 92
2792 86
2780 43
2795 97
1585 4
2794 83
2793 11
2783 22
2791 97
2790 77
2786 22
388 11
2831 99
1937 85
2812 61
2815 4
2828 61
2804 42
2203 96
956 73
2824 11
2624 80
2813 11
2830 53
2829 25
2827 37
1808 19
2822 33
2819 54
2820 11
2802 29
1806 7
2108 88
2280 78
2823 73
2818 57
2826 85
2821 11
2825 16
2440 86
1985 54
2807 11
2811 11
2814 2
2801 63
2817 87
2289 11
743 11
2816 80
1584 36
58 14
2858 11
2865 11
2863 11
2854 11
2882 80
2869 11
2853 11
2881 11
2883 58
2860 11
2885 11
2884 11
2842 11
2862 11
2861 8
2874 11
2870 81
2856 53
2841 11
2872 11
2875 11
2880 55
2848 49
2879 11
2878 81
2876 12
2877 42
2873 55
2871 40
2846 60
2864 98
2868 42
2867 60
2866 0
2859 7
2845 80
2844 11
2857 93
2849 97
2852 11
2840 11
2850 61
1042 43
2855 97
2847 11
155 11
2835 58
2887 18
2890 10
2043 86
2889 88
1003 8
2929 11
2918 18
2917 33
2930 42
2928 41
2927 11
2926 62
2925 17
2907 35
2924 35
2905 12
2904 81
2902 1
2921 74
2922 81
2923 10
2911 11
2903 11
2920 89
2919 11
2916 97
2899 98
2915 60
2914 2
2913 41
45 81
2912 87
2910 24
619 91
2909 11
2900 42
2951 11
2965 81
2934 11
2932 11
2964 58
2940 2
2963 58
2219 82
2931 11
2962 41
2948 81
40 2
2954 71
2952 11
2946 78
2445 11
2937 11
2961 21
2955 13
1055 42
2960 11
2959 81
863 70
2939 25
2938 99
2936 69
2958 29
2957 95
2941 11
2953 11
2956 11
2945 55
2942 21
2949 49
2968 12
2967 42
2981 71
2980 71
2979 91
2978 10
2977 67
2975 61
2976 97
2974 11
2973 2
2972 49
2984 11
2687 64
2982 12
2983 50
2993 95
2994 11
2992 64
2991 24
2990 11
2985 4
2988 60
2989 92
2997 21
2996 49
2995 64
1025 34
2999 66
2998 19
3021 97
3020 56
3019 42
3018 16
3017 58
3016 21
3000 88
3012 11
2205 52
3015 96
3014 61
3013 11
3005 11
1866 34
3011 81
1366 46
692 99
3010 2
3009 47
3008 18
3004 5
3001 67
3007 7
3003 5
3033 11
3022 11
3034 97
3032 88
3031 7
2447 11
3029 67
1496 43
3025 88
3028 11
866 62
3030 13
3026 82
3023 58
3036 11
3035 11
3044 11
3062 11
3055 11
3048 11
3047 11
3056 2
3060 11
3063 33
3054 11
3050 8
3049 11
3061 42
3052 11
3059 11
3058 11
3057 90
3045 42
3053 1
3051 11
3046 60
3089 11
3087 11
3096 10
3088 2
3095 77
3094 28
3090 41
3092 11
3093 98
3091 42
3086 40
3064 29
2111 73
3085 11
3076 70
3066 62
3084 70
3071 64
3068 94
3103 81
3109 49
545 11
3102 44
3099 44
1195 55
3098 25
3106 13
3108 96
3107 11
3105 5
3101 11
3140 11
3141 11
3139 11
3135 64
3121 11
3138 34
3137 10
3129 11
3136 52
3134 7
3133 2
3125 64
401 74
3114 2
3132 12
1789 97
3128 11
3131 11
3119 97
3130 10
3127 22
3126 11
3124 38
1697 34
2745 2
3123 11
3122 8
3113 11
3120 11
3118 11
3117 35
3116 33
3115 11
3112 11
3111 8
2809 53
3154 85
3158 49
3157 11
3156 91
3155 82
3153 35
3152 47
3151 86
1582 14
3150 64
3149 50
3148 99
1450 52
3147 23
3144 11
3077 72
3159 24
3163 11
3162 11
3161 11
3174 11
3171 2
3167 11
3169 11
3164 10
3176 41
3175 99
3173 55
3172 11
3168 11
3170 49
3178 96
3180 11
3185 10
3183 11
3179 72
3184 25
3182 33
3188 65
874 53
3186 62
3187 64
3200 2
3191 11
3190 87
3189 96
3195 70
3199 11
3193 88
3198 99
3197 1
3196 1
3110 2
3205 36
3203 2
3065 2
3204 42
3202 11
3207 11
3206 52
3212 77
3213 41
3208 14
3211 86
3209 44
3210 11
3220 11
3219 11
3217 4
3218 76
3215 11
3223 18
3222 11
3216 80
3226 10
3225 29
3221 11
3224 11
3246 11
3229 11
3247 11
3242 11
3245 11
2505 11
3244 58
3243 64
3241 11
3240 50
3239 52
3238 11
3263 77
3257 11
3261 86
3259 58
3260 11
3264 56
3262 49
3255 11
3258 34
3256 1
3254 71
3265 11
3266 76
3267 64
3273 11
3272 11
3271 11
3270 11
280 97
2409 11
3278 11
3277 11
2803 82
3294 58
3295 42
3298 1
3297 2
3296 11
3280 96
1204 11
3293 11
3279 11
3292 11
3286 22
3291 2
3288 37
3290 17
1797 54
3289 42
3282 54
3285 5
2118 77
1372 13
3364 62
3352 11
3322 11
3305 11
2158 11
3353 11
3361 92
3317 11
3311 11
3375 11
3373 70
3333 11
3371 95
3359 11
3351 2
3358 11
3369 86
3323 11
3366 82
3332 82
3374 11
3360 92
3345 11
3356 11
3372 11
3362 2
3330 11
3370 64
3331 99
3367 13
3368 21
3365 11
3327 92
3314 11
3363 88
3339 11
3357 21
3340 99
3326 41
3320 22
3355 42
3354 14
3343 77
3329 58
3350 11
3325 92
3349 91
3348 62
3347 64
3346 88
3324 7
3344 11
3342 11
3341 11
2906 36
3319 11
3338 10
3337 52
3336 49
3328 62
3335 32
3334 32
3376 85
3377 63
3392 11
3417 63
3416 64
3382 11
3415 11
3414 44
3411 25
3394 95
3413 21
3396 89
3412 55
3385 21
3393 1
3383 86
3410 48
3384 30
3409 30
3408 73
3407 73
3406 33
3405 45
3404 90
3403 88
3402 40
3401 54
3400 32
3399 42
3398 2
3397 96
3395 11
3391 77
3390 64
3418 10
3420 34
3423 11
3422 1
3421 74
3419 49
3426 49
3427 36
3424 11
3425 65
3428 89
3429 11
3430 49
3432 34
3433 99
3435 39
3436 91
3437 41
3439 11
3440 53
3443 92
3442 42
3441 98
3469 82
3468 91
3460 11
3457 96
3467 11
3466 99
3465 1
3464 64
3461 66
3463 96
3462 16
394 85
3459 64
3448 71
957 21
1377 11
3458 85
3456 47
3455 2
3450 55
3454 35
3484 11
3497 18
3477 11
3475 89
3495 11
3489 11
3496 49
3485 39
3487 67
3494 68
3480 11
2971 2
3493 60
2627 64
3309 42
3492 34
13 43
62 11
3491 45
3479 25
3486 42
2167 64
1494 25
3490 42
3481 11
3488 34
2970 78
3310 1
3472 72
3027 82
3478 79
3514 7
3513 90
3510 42
3512 50
3511 11
3509 84
3507 58
3502 91
3508 96
3503 8
3504 60
3506 60
3500 34
3505 57
2500 11
3499 11
3517 11
3525 11
3518 11
3516 29
3529 8
3524 8
3521 16
3520 72
3522 11
3528 99
3527 57
3519 43
3526 35
3523 11
3551 11
3535 11
3547 61
3538 11
3550 11
3541 11
3546 18
3557 44
3552 11
3530 11
3540 11
3545 11
3556 16
3543 11
3558 42
3544 76
3534 99
3548 88
3542 11
3549 49
3555 1
3554 68
3553 11
3559 21
3562 66
3560 11
3561 64
3569 11
3570 11
3572 18
3571 36
3568 11
3567 49
3565 42
3566 1
3573 11
3574 11
3575 11
843 22
3576 11
1663 86
3610 11
3585 11
3611 11
3612 96
3613 11
3584 87
3608 11
3609 58
3589 1
3588 81
3598 74
2652 11
3599 1
3587 58
3607 88
3606 95
3605 82
3595 11
3581 11
3604 66
3594 85
3006 88
3603 22
143 51
3602 48
2442 21
291 7
2737 96
3601 41
3600 22
3593 37
3591 37
2501 67
2446 22
1898 56
3214 53
3379 50
3597 73
3596 11
3276 39
3232 26
3583 52
3616 11
1239 29
3618 11
3617 34
3072 11
3619 88
1577 36
3621 5
2449 16
3624 5
599 91
3623 64
3080 11
3622 91
3577 40
2966 63
3274 86
3636 74
3638 11
3637 34
3630 11
3634 11
3635 11
3625 11
3631 64
2175 11
3633 11
3632 29
1191 62
3474 89
3628 28
3641 11
3640 11
3644 16
2443 11
3643 32
65 49
3642 46
3649 11
3647 11
756 10
755 63
729 91
753 48
3648 7
3201 60
3645 34
3646 77
3675 11
3689 64
3671 11
3691 50
1192 64
3690 87
3688 99
3687 1
3686 82
3657 11
3685 35
3684 33
3683 64
3682 78
3670 49
3681 50
3677 11
3680 42
3679 37
3669 11
3676 11
3678 43
3674 88
3656 42
3673 54
3672 29
1795 66
971 53
3663 81
2888 78
3652 11
2784 11
3668 88
3665 11
3651 64
3666 32
3658 16
3037 11
3667 42
3653 9
3664 77
3718 99
3715 26
3714 53
3717 42
3706 11
3692 11
3712 56
3716 91
2897 11
3708 12
3704 11
3713 11
3709 53
3710 11
3698 62
2435 11
3703 11
3697 5
3693 77
3694 41
1029 64
3711 97
3700 83
3696 41
3702 82
2436 83
3705 11
2425 71
3707 92
1382 64
3104 38
3721 41
3720 48
390 62
3724 71
1189 38
3726 64
3725 61
3730 55
3729 73
3728 25
3731 21
3732 2
3733 96
3452 11
3446 42
1800 50
3737 64
3736 58
3743 11
3746 11
3745 11
3744 11
3741 18
3742 11
3739 99
387 62
3738 11
3040 87
3751 11
3752 67
3750 58
1451 11
3438 11
3747 11
3749 39
2188 62
3748 43
1980 11
3763 10
3762 34
3761 74
3759 11
3758 88
3754 58
3760 52
3079 11
3753 99
3766 11
3783 11
3784 18
3786 1
3772 8
3785 42
3774 11
1785 2
3768 97
3777 71
3764 11
2893 84
3782 22
2498 80
3038 88
3776 99
3781 73
2273 31
3779 53
3780 64
3778 63
3765 54
3082 62
3287 5
3767 63
3775 99
3791 11
3787 11
3792 76
3790 11
3830 98
3827 42
3809 64
3821 42
3822 73
3815 78
3793 11
3829 58
3826 50
3828 11
3814 42
3818 11
3825 95
3824 11
3800 50
3813 36
3823 11
3820 88
3811 18
3819 11
3817 73
3816 97
3812 96
3807 11
3801 21
3804 61
3794 68
3810 87
3808 20
2492 73
3831 64
3844 41
3843 42
3832 11
2534 96
3842 85
3840 67
2744 11
2098 14
3838 74
3841 71
3836 42
3845 42
3846 49
3848 51
3849 48
3852 11
3853 96
3854 43
870 88
3857 93
3856 88
3860 11
3862 11
3861 11
3858 5
3868 11
3867 11
3863 11
1037 7
3864 16
3866 69
3865 11
3871 11
3877 89
3880 11
3885 58
3872 11
3878 55
3879 11
3875 91
3886 11
3874 11
3876 92
3873 2
3884 49
3881 82
3882 50
3883 50
3894 56
3893 11
3896 11
3895 60
3890 11
3892 11
3888 11
2610 72
3891 56
3902 91
3901 34
3898 11
3899 36
3900 11
3907 18
3906 1
3905 69
2169 99
3918 11
3920 2
3919 33
3917 11
3908 11
3909 11
3916 88
3915 53
3910 11
3911 97
3914 11
3912 10
1622 97
415 5
2390 96
3923 96
3922 11
3929 11
3928 88
3924 88
3927 11
3926 45
3925 52
3930 78
3950 11
3933 11
3955 11
3948 11
3951 11
3947 11
3939 1
3943 11
3956 54
3954 51
3953 71
3942 53
3952 22
3949 64
3934 52
3946 97
3945 26
3931 11
3941 11
3944 95
3936 64
3937 11
3940 41
3957 11
3962 37
3960 11
3961 38
1794 78
3964 64
3966 53
2103 17
3233 94
2655 27
2094 94
3967 22
3968 34
2444 89
2159 73
2504 11
3969 5
3972 18
2608 43
3971 48
3970 85
3984 89
3974 37
3983 57
3982 25
3981 11
3980 11
3835 11
3973 11
3988 86
3990 97
3987 96
3986 92
3985 68
3989 1
3806 11
3996 11
3995 40
3734 38
4006 11
4005 94
4003 29
4000 11
3998 11
4004 29
4002 29
4001 87
2986 5
4008 83
4007 42
61 11
4019 11
4027 11
4025 11
4031 7
4028 11
4030 74
4029 42
4026 11
4023 11
4017 39
2047 74
4021 29
4010 11
4024 70
4011 11
4020 11
4022 87
4013 5
4016 27
1689 11
4018 11
2523 99
2225 98
4053 98
4037 11
4042 11
4051 72
4038 11
4039 11
4057 11
4043 22
4056 82
4055 11
3192 61
4054 86
4052 11
4050 8
4040 42
4047 49
4049 5
4048 11
4046 2
4045 18
4044 94
4041 38
4060 13
4059 17
428 60
4061 14
2607 71
4066 11
4073 11
4067 2
4069 11
4070 11
4068 11
4076 49
4074 11
4072 53
4075 11
4071 11
4078 43
4094 95
4095 80
4080 11
4093 78
4090 80
4082 11
4086 11
4085 42
4092 11
2496 36
4079 11
4081 53
4091 11
3067 42
4089 11
4088 86
251 58
3592 89
4087 57
4097 46
4116 11
4121 53
4114 11
4113 42
4120 11
4117 91
4115 1
4119 81
4112 33
4118 58
4111 96
4110 96
1257 50
4109 63
4102 44
4108 42
4107 50
4126 64
4127 49
4128 66
892 57
4124 33
4125 11
4122 25
4123 8
4058 15
4130 22
3043 64
4131 11
4135 11
4137 11
4134 33
608 11
4136 47
4142 32
4141 56
4140 35
4139 70
4138 92
4175 55
4144 70
4158 49
4174 98
4173 69
4160 85
4159 72
4172 58
4171 74
4165 77
4170 11
4169 63
4157 96
4163 8
4168 62
4151 55
4167 96
4143 11
2290 92
4164 62
4166 92
4162 11
4145 99
4161 92
4155 58
4148 17
4156 69
3318 88
4150 60
4154 77
862 0
2347 66
4179 48
4180 88
4183 87
4181 11
1687 18
4178 60
4182 11
4177 88
4176 60
4184 11
2577 92
1155 11
4188 96
2806 66
4189 11
4190 81
4193 88
4200 82
4201 89
4199 64
4197 11
4198 99
4194 78
1492 55
1982 11
4196 11
3070 80
4203 2
4202 60
2987 11
4206 2
4205 29
4207 81
4209 66
4208 11
4213 11
4219 53
4215 11
4228 78
4216 82
4227 52
4226 81
4225 41
4221 67
4223 11
4224 11
4222 74
4220 35
4218 5
4217 96
4214 18
4212 50
3626 17
858 53
4211 11
4237 69
4234 11
4241 12
4239 49
4233 11
4240 11
4236 58
4238 66
4235 53
3773 60
708 88
4245 11
2536 66
2214 39
2732 73
4243 80
4244 69
162 11
742 11
4248 11
4249 25
1314 75
4247 41
4251 92
4252 25
4253 11
3803 64
4255 11
4263 11
4260 59
4262 96
4261 60
4259 96
4258 11
4257 21
4256 70
4254 11
4267 59
1888 7
4266 11
4265 49
1878 0
2363 44
2388 41
4268 11
3564 50
4269 3
1446 11
4271 37
4270 48
4272 81
4280 11
4279 96
4277 89
4276 11
4278 62
4275 66
4034 34
4274 94
4281 33
4286 11
4283 11
2170 89
4284 91
972 95
4282 55
4285 11
3913 90
1949 40
4289 50
393 11
4195 59
2114 67
4292 97
4291 18
174 98
611 51
4295 92
4297 32
4296 11
875 81
1883 7
4298 80
4299 58
4300 22
4301 25
3083 89
4307 11
4319 32
4309 41
4314 11
4318 10
4317 99
4316 11
4315 35
4313 11
4310 11
4312 70
4311 41
4308 69
4322 96
4321 92
4320 11
4325 11
4324 49
4323 58
4326 11
4290 25
4329 85
4328 73
4330 69
4332 89
4331 89
4340 49
4333 11
4341 11
4339 11
4337 11
4335 13
4338 29
4336 83
3735 78
4334 26
4343 11
4344 11
4347 70
4346 11
4345 70
2268 67
4348 2
4352 11
4350 77
4349 71
4357 11
4356 11
4355 74
4354 38
4353 11
3482 84
4351 50
4361 55
4363 1
4362 74
4370 11
4372 36
4371 66
4369 26
4367 66
2161 0
4368 95
4366 62
4364 41
4365 34
2499 78
4374 26
4373 75
4375 47
457 11
3993 34
1933 42
4376 90
4379 18
4378 11
4377 11
4385 29
4380 43
4382 71
4387 21
4386 6
2707 6
4389 11
4390 89
4391 16
4392 10
4393 73
4395 49
4394 82
4388 98
4399 11
4400 11
4397 11
416 68
4398 89
4396 98
4416 11
4420 77
4419 11
4407 7
4415 11
4413 11
2894 90
3306 18
4264 42
3312 99
4414 70
4409 11
4417 58
4412 18
4405 87
4401 49
4403 87
4418 58
4404 92
4408 50
4411 33
4410 62
4406 1
4424 11
4428 85
4426 64
4427 64
4425 11
4421 11
4422 19
4423 53
412 66
3146 80
4435 53
165 97
4433 76
4294 7
4434 60
4430 91
4432 10
4429 11
3788 33
4473 11
4466 11
4464 11
4475 11
4472 85
4467 11
4474 32
4461 8
4471 97
4327 78
4440 11
4436 96
4441 96
4438 11
3252 42
4442 11
4445 96
4449 11
4456 11
4470 69
4454 11
4458 77
4443 11
4469 11
4468 11
4455 99
4463 86
1962 22
4465 11
4451 88
4459 61
4453 11
4460 81
4462 81
4452 11
4250 60
4457 63
4444 26
4448 11
3231 7
3851 11
1694 7
4447 69
1004 11
3381 93
4478 86
4477 11
4476 96
4152 86
4485 65
4487 11
4490 49
4483 88
4486 52
4491 35
4489 11
4493 99
4479 10
4492 50
4488 8
4509 11
4514 11
4507 11
4513 64
4512 22
4508 11
4511 22
4510 58
4500 11
4506 46
4505 26
4504 11
4496 88
4494 11
4503 21
4502 26
4515 89
2626 67
4517 55
4518 11
4516 11
4519 7
4520 18
4524 11
4525 82
4522 11
4526 52
4528 11
4530 73
4529 42
4536 26
4535 92
4534 64
4533 22
4531 11
4543 33
4537 52
4546 11
4539 11
2578 11
4542 11
4544 11
4545 11
4541 73
4540 52
4358 72
4549 18
4548 32
4553 42
4552 11
4550 33
4554 1
4547 11
4560 94
4562 10
4561 11
4555 11
4557 97
4559 7
4558 41
4563 97
4564 52
4565 11
145 39
4580 11
4581 42
4582 11
4578 89
4579 25
4566 89
4575 66
4577 88
4572 43
4569 25
4576 92
4568 96
4574 43
4573 96
4583 58
4592 11
4594 11
4596 11
4597 8
4035 8
4595 1
4591 82
4593 77
4587 74
4589 81
4590 19
4600 11
4604 11
4598 98
4603 97
4602 70
4601 55
4446 21
4599 64
4610 60
4609 42
277 42
4608 26
4607 19
3041 11
4606 11
4605 11
4633 63
4617 54
4614 50
4630 91
4624 95
4629 69
4613 11
4631 58
4628 73
4620 8
1304 70
4632 96
4625 41
4627 98
4618 11
4619 11
4611 41
4623 1
4626 41
4622 11
4616 50
4621 21
4646 11
4662 81
4661 81
4666 58
4651 11
4665 11
4667 21
4647 11
4649 93
4653 77
4664 22
4663 25
4659 63
4660 74
3251 38
4658 97
4657 39
2901 30
4656 17
4654 74
4655 68
3321 42
4652 92
4650 70
4669 11
4671 12
4675 11
4674 2
4673 50
4670 86
4678 11
4676 62
4679 11
4683 66
4682 85
4680 98
4681 25
2502 5
4689 92
4687 21
4688 89
4686 97
4684 95
4685 11
4693 5
4691 11
4692 39
4690 32
4703 11
4716 25
4696 11
4711 11
4721 11
4723 96
4713 11
4717 96
4697 11
4708 11
4719 11
4718 13
894 37
4702 11
4720 11
4704 92
4722 11
4712 11
4402 72
4709 11
4707 11
3378 16
4701 16
4715 13
4714 16
4710 5
4705 11
3039 77
4706 91
3837 11
4727 11
4725 1
4724 11
4728 35
4729 36
4730 11
4731 95
4735 85
4734 51
4736 17
4740 53
4739 55
4287 16
3501 64
4738 95
4484 11
2385 26
4742 92
4748 11
4747 11
4744 34
4743 97
4745 1
260 97
4749 37
4746 11
4750 11
4751 91
3938 50
4756 11
4754 35
4753 11
4755 11
4760 11
4759 11
3614 64
4762 64
4765 11
4764 11
4767 46
4766 11
4763 11
4769 97
4768 11
4771 92
4770 8
4773 50
4772 19
4774 58
4778 82
4780 21
4775 11
4779 25
4781 55
2097 62
4787 11
4791 67
4790 88
4783 88
4799 34
4782 11
4792 98
4785 11
4789 11
4804 47
4803 47
4801 21
4802 21
4794 51
4798 99
4800 88
4786 11
4795 66
4784 92
4797 41
4805 35
4571 2
4807 92
4808 80
4809 82
4810 36
4811 58
4812 64
4814 11
4816 2
4815 5
4813 11
4817 11
4818 18
4819 22
4820 22
4821 85
4823 54
4615 42
4824 80
4826 47
4825 11
4828 95
4829 92
4834 46
4833 29
4847 46
4836 46
4843 46
4846 46
4831 46
4835 46
4837 6
4848 9
4841 9
4842 46
4832 46
4838 62
4849 9
4845 15
4844 29
4852 11
4854 95
4853 11
4855 53
4856 60
4851 80
4850 64
4857 88
4858 35
425 98
4859 41
4860 88
4867 72
4862 11
4863 10
4864 10
4866 97
4861 38
4865 2
4869 50
4877 35
4870 11
1936 8
4873 91
1930 34
4872 91
4876 66
4875 49
4874 12
1931 11
4868 71
4871 97
4882 10
4883 42
4881 2
4879 64
4880 86
4885 18
4884 65
1193 65
4897 11
4887 11
4886 11
4896 11
4888 10
4900 33
4889 55
4899 11
4890 11
4898 63
4891 7
4895 74
4892 34
4894 11
4893 11
4901 81
4902 11
4903 11
4904 11
4905 17
4907 38
1863 19
2810 77
3177 41
4063 9
4906 11
4909 62
4912 59
4911 11
4910 59
4908 21
4914 11
4916 87
4915 18
4913 66
4918 2
4917 89
4919 11
4922 58
4924 94
4925 8
4926 67
4933 96
4934 11
4940 15
4939 21
4938 88
4937 85
4936 72
4935 11
4941 11
4943 11
4949 77
4953 82
4947 11
4951 11
4954 64
4952 14
4950 7
4946 86
4948 92
4957 10
4956 67
4955 27
4959 11
4960 41
4958 80
4963 92
4962 11
4961 68
2947 39
4965 11
871 34
4967 11
4968 82
4966 74
3248 49
4970 11
4969 52
4971 10
4973 10
4972 59
2362 64
4974 97
4976 68
4977 7
4975 11
4978 21
4979 11
4980 56
4983 11
4981 11
4982 12
4984 96
4986 76
4985 22
4989 11
4988 25
2555 5
4990 34
4992 50
4991 53
4994 5
4993 69
4996 81
4997 2
4998 55
4999 54
5000 56
5001 57
5002 59
5003 11
5004 67
5005 72
5007 67
4822 96
5006 8
5008 53
5009 60
5010 11
5011 0
5012 87
5013 20
5014 67
2787 1
5019 64
5018 96
5016 11
5050 53
5033 42
5042 49
5046 64
5044 60
5030 11
5035 91
5048 80
5049 22
5032 97
5047 77
5045 64
5036 96
5038 88
2410 18
5020 11
5021 11
5022 21
5024 64
5041 58
5043 11
5025 92
5039 25
5028 98
5034 86
5027 63
5040 22
5029 91
5023 25
5037 42
5031 88
5026 11
5051 11
5052 35
4065 99
5054 62
4538 39
5055 62
5053 22
943 25
2640 97
1340 11
5056 64
2833 87
2832 32
1565 45
5057 72
5060 11
5061 11
5058 81
47 93
5062 90
5063 11
5065 81
5064 11
5066 2
5067 41
5068 11
4741 25
1956 18
5069 64
5072 87
5071 62
5073 43
5074 79
5075 1
5077 67
1801 27
5078 52
5080 33
5087 11
5086 11
5085 11
3145 11
5084 11
3234 86
5081 71
5083 86
5098 11
5097 89
4732 84
5088 11
5096 42
5093 11
444 71
5091 72
5095 11
5094 81
5090 24
5092 10
5101 11
5103 11
5100 11
5102 49
5106 88
5104 11
5105 71
5108 11
5107 12
3181 49
5111 11
5109 89
5110 11
5112 11
5114 11
5113 41
5115 43
5116 64
4246 51
2226 43
5119 22
5118 11
5117 34
5120 18
5121 11
5123 8
2969 49
5122 96
846 86
5124 62
5127 51
5125 64
5126 5
5129 82
5128 66
5132 82
5131 11
5133 2
5135 8
5134 2
5137 11
5138 11
1202 53
5139 91
5136 11
5143 11
5149 11
5145 36
5144 11
5148 64
5147 11
5146 60
5150 49
5152 11
5154 33
5153 11
5155 97
5159 64
5157 42
5158 42
5160 17
4129 51
5161 11
5162 11
5163 70
5168 10
5169 10
5174 28
5166 81
5173 30
5172 12
5171 48
5170 81
5164 98
5165 48
5167 1
5178 11
3935 58
693 20
5177 70
5179 64
5182 42
5183 73
5180 53
5181 92
5184 49
5186 11
5187 11
5188 41
5189 88
5191 92
5193 42
5192 25
5198 35
5195 11
5197 89
5199 23
5194 11
5196 49
5200 22
5202 48
4342 87
4648 42
5204 11
5205 58
5206 11
5207 10
5208 66
4439 79
5210 58
5209 11
5211 53
5212 77
5215 85
5214 62
5213 81
5217 11
5216 10
5218 66
5223 12
5222 29
5220 29
5221 75
5224 42
5225 11
5226 95
5228 11
5227 5
5230 11
5229 66
5231 49
5232 53
5235 58
5233 33
5234 75
5236 76
5237 62
2935 25
5239 11
5238 11
5240 26
5241 11
5246 11
5251 35
5244 63
5250 18
5243 8
5249 89
5242 11
5245 11
5247 92
5248 11
5252 46
5253 11
5255 55
5254 7
1873 61
5258 11
5257 52
5256 80
5259 29
5261 30
5260 42
5262 11
5263 92
5267 64
5266 11
5264 11
5269 36
5268 64
5270 38
5271 11
5272 38
5276 11
5273 42
5277 83
5278 71
5280 96
5281 45
5279 39
5282 59
5285 35
5284 47
5286 11
5288 91
5287 90
5290 77
5289 12
5291 18
5292 11
5293 11
5294 42
5295 81
5296 11
5297 55
5299 1
5298 11
5300 27
5301 11
5303 2
5302 11
5305 11
5306 11
5304 60
5308 38
5307 18
5309 85
5311 2
5310 38
2575 11
5312 8
5315 29
5314 55
5316 1
4733 22
5317 2
5321 11
5319 60
5320 1
5322 11
5324 41
5323 64
5325 76
5328 41
5327 1
5326 91
2491 66
3615 14
2741 60
5330 67
5329 58
1783 96
5331 67
3756 93
2360 64
5332 80
5335 11
5333 11
5334 36
868 66
5336 7
5337 60
5340 87
5341 11
1255 32
5345 11
5343 11
5346 46
5344 2
5342 99
3537 11
3536 87
3532 11
3847 56
850 64
5347 96
5351 76
5350 12
4668 64
5352 42
5354 11
5353 22
5357 11
5355 38
5358 10
5362 97
5360 39
5359 33
3799 52
5361 73
3024 19
5363 81
5366 97
5367 18
5370 92
5365 92
5369 95
5368 83
5364 68
5374 73
5372 11
5375 92
5373 54
5371 53
5376 96
5379 97
4761 73
5378 64
5377 11
4293 42
5380 81
5382 53
5381 11
5383 1
5384 49
5387 96
5389 76
5385 11
5388 60
5386 16
5392 11
5393 88
5391 43
5394 43
5395 21
5398 38
5400 38
5397 91
5399 38
5396 2
5403 73
5401 50
5402 22
5404 46
5405 63
5406 79
5407 89
5408 11
5409 58
5411 64
5410 11
5412 60
5413 8
417 51
5414 11
5416 91
5415 11
5421 11
5418 69
5417 8
5420 50
5419 11
5422 11
5423 15
5313 18
5425 11
5426 49
5427 62
5428 11
5429 67
5430 11
5431 26
5432 64
4231 11
5434 96
5433 91
4639 67
5437 2
5435 9
5440 11
5439 22
5438 2
1895 18
5436 48
5442 11
5443 92
5447 11
5445 87
5446 2
5451 11
5450 43
5448 66
5452 20
5453 73
5454 67
5455 87
5456 11
5457 38
5458 22
5459 27
5460 1
4133 5
5461 11
5462 11
5463 99
5464 11
5465 11
5467 82
5466 11
1493 58
5469 11
5468 19
690 11
5472 80
5471 8
5473 92
5474 41
5475 11
5476 41
3250 99
5477 51
5478 49
5479 42
5481 48
5480 65
5486 76
5484 66
5485 64
5482 35
2359 73
5483 82
5487 10
5488 66
5489 35
5491 12
5490 11
5493 97
5492 81
5494 21
5495 27
5496 38
5497 99
5498 49
5500 90
5501 82
5502 11
5503 11
5504 61
5506 94
5505 90
5509 42
5507 2
5508 89
5511 11
5510 49
5512 11
5515 56
5513 77
5516 84
5517 11
5519 11
5520 11
5521 55
5523 95
5522 45
5524 62
5525 65
5527 25
5526 7
5528 11
5529 64
5530 1
5531 11
5532 89
5535 70
5536 11
5533 62
5534 90
5540 11
5079 11
5539 11
5538 11
5541 50
5544 11
5542 11
5545 50
5543 95
5547 11
5546 10
5548 50
5549 53
5550 51
5551 56
5552 61
5553 11
5554 43
5555 88
5556 49
5559 22
5560 90
5557 88
5561 22
1862 62
5567 11
5565 11
5562 11
5566 7
5564 89
5568 36
2659 42
5571 42
5570 11
5569 95
5572 2
5573 34
5574 11
5575 71
5576 74
5499 43
5578 11
5577 11
2606 43
5579 11
5580 55
5581 18
5583 69
5582 30
1185 51
5584 92
5585 42
5586 74
5587 11
5590 77
5589 63
5588 36
5591 1
5593 11
5596 11
5595 64
5597 37
5598 7
5600 67
5599 22
3850 16
4987 22
5601 70
5602 42
5603 18
5594 65
5606 11
5607 43
5605 10
586 13
5609 96
5613 11
5612 70
5611 28
5610 43
5614 1
5616 11
5175 52
5617 21
5618 56
5619 64
4556 63
5620 71
5621 11
5623 11
5624 97
5625 42
5627 33
5626 18
5628 11
5630 11
5629 8
5632 35
5631 11
5642 53
5641 11
5633 60
5634 89
5637 18
5639 94
5638 62
5636 64
5640 22
5643 82
5645 89
5644 11
5558 80
5646 11
5647 85
5648 82
1507 86
1453 59
5649 11
5650 64
5651 71
4585 63
5652 11
5653 11
5654 11
5655 60
5656 66
5658 11
5657 69
5660 87
5661 11
5662 11
5669 11
5670 43
3959 7
5666 73
5665 5
5667 27
5671 53
5672 38
5673 50
5674 98
5675 6
5676 75
5677 92
5678 99
2700 0
2733 0
5679 11
5680 67
5681 51
3097 4
5683 11
5682 89
3958 50
5684 64
5686 89
5685 58
5687 54
5688 78
5690 76
4920 8
5691 62
5692 11
5693 95
5695 11
5694 39
5696 66
5697 11
5698 11
5701 23
5699 11
5700 49
5703 33
5702 88
5705 10
5704 18
5707 11
5708 82
5709 11
5710 49
5711 51
5714 49
5723 64
5715 11
5716 7
5721 11
5722 85
5720 58
5717 11
5725 60
5726 64
5727 87
5728 43
454 87
5733 2
5734 95
5731 51
5730 11
5732 89
5736 53
5735 34
5737 66
5738 16
5739 57
5740 26
5741 89
5743 61
5745 26
5746 21
5748 11
5750 11
5749 82
5751 87
3073 38
5752 89
5753 14
5755 67
5754 66
1889 40
4062 88
5758 39
5759 16
5761 40
5760 11
5762 76
5763 34
5764 80
5765 12
5766 20
5767 92
4101 97
4098 41
5769 37
5768 0
5770 45
5771 11
5774 11
4752 64
5775 11
5772 56
5773 64
5777 76
5776 11
5779 11
5778 2
5780 88
5781 11
4482 85
5782 59
5785 11
5784 11
5783 62
5635 25
5786 11
5787 67
5744 5
5789 41
5793 52
5792 56
5790 18
5794 77
5274 73
5795 11
5796 11
5518 44
5797 74
5798 37
5806 92
5801 1
5800 87
5803 11
5805 55
5424 95
5804 11
5802 4
2742 41
5808 20
5810 61
5809 64
5811 57
5812 11
5813 11
5814 22
5815 13
5816 99
5817 64
5818 74
5819 22
5820 85
5821 11
5822 42
4204 29
964 38
5823 22
5824 40
5825 50
5826 11
5827 55
5828 33
5829 7
5830 58
5831 40
5832 42
5833 67
5834 86
