102 0
174 1
241 2
250 3
262 4
279 5
281 6
634 7
637 8
638 9
651 10
663 11
676 12
686 13
782 14
852 15
883 16
1073 17
1076 18
1077 19
1386 20
1446 21
1860 22
1875 23
1876 24
1877 25
1878 26
1880 27
1881 28
1900 29
1906 30
1935 31
1991 32
2012 33
2016 34
2035 35
2175 36
2304 37
2418 38
2544 39
2602 40
2806 41
2808 42
2811 43
2814 44
2815 45
2816 46
2821 47
2822 48
2825 49
2829 50
2832 51
2834 52
2842 53
2844 54
2850 55
2859 56
2862 57
2874 58
2880 59
2881 60
2889 61
2892 62
2893 63
2894 64
2896 65
2902 66
2904 67
2907 68
2908 69
2910 70
2913 71
2914 72
2917 73
2919 74
2929 75
2945 76
2947 77
2948 78
2952 79
2953 80
2954 81
2972 82
2975 83
2984 84
3002 85
3016 86
3037 87
3040 88
3080 89
3151 90
3173 91
3183 92
3191 93
3222 94
3223 95
3245 96
3352 97
3419 98
3425 99
3442 100
4771 101
5318 102
5404 103
6213 104
6590 105
6596 106
6604 107
6606 108
6609 109
6614 110
6636 111
6650 112
6652 113
6673 114
6713 115
6780 116
6782 117
6837 118
6895 119
6897 120
6898 121
6899 122
6902 123
6903 124
6907 125
6908 126
6910 127
6913 128
6916 129
6923 130
6929 131
6933 132
6934 133
6939 134
6947 135
7106 136
7108 137
7114 138
7155 139
7170 140
7172 141
7517 142
7558 143
7568 144
7620 145
7651 146
7663 147
8121 148
8130 149
8132 150
8134 151
8155 152
8170 153
8222 154
8467 155
8469 156
8471 157
8498 158
8521 159
8889 160
8892 161
8898 162
8902 163
8917 164
8924 165
8927 166
8939 167
8946 168
8949 169
8960 170
8963 171
8968 172
8970 173
8972 174
8986 175
8990 176
9006 177
9020 178
9111 179
9147 180
9417 181
9567 182
9569 183
9574 184
9577 185
9593 186
9598 187
9604 188
9629 189
9646 190
9673 191
9702 192
10198 193
10202 194
10332 195
10333 196
10336 197
10341 198
10342 199
10344 200
10345 201
10348 202
10349 203
10350 204
10351 205
10352 206
10353 207
10354 208
10355 209
10357 210
10359 211
10360 212
10361 213
10362 214
10363 215
10364 216
10365 217
10366 218
10368 219
10369 220
10371 221
10373 222
10374 223
10375 224
10376 225
10377 226
10380 227
10381 228
10382 229
10386 230
10388 231
10390 232
10392 233
10393 234
10394 235
10395 236
10398 237
10399 238
10400 239
10401 240
10410 241
10412 242
10413 243
10414 244
10415 245
10416 246
10421 247
10423 248
10426 249
10428 250
10429 251
10435 252
10439 253
10443 254
10446 255
10447 256
10448 257
10456 258
10464 259
10468 260
10470 261
10549 262
10554 263
10555 264
10556 265
10557 266
10559 267
10560 268
10578 269
10582 270
10583 271
10590 272
10608 273
10612 274
10613 275
10614 276
10615 277
10616 278
10617 279
10619 280
10620 281
10622 282
10625 283
10626 284
10627 285
10628 286
10629 287
10630 288
10632 289
10635 290
10636 291
10637 292
10638 293
10642 294
10643 295
10644 296
10645 297
10647 298
10649 299
10650 300
10651 301
10652 302
10653 303
10655 304
10658 305
10659 306
10661 307
10663 308
10664 309
10665 310
10668 311
10669 312
10673 313
10675 314
10677 315
10678 316
10681 317
10685 318
10686 319
10687 320
10688 321
10690 322
10691 323
10696 324
10698 325
10706 326
10714 327
10715 328
10718 329
10719 330
10720 331
10724 332
10729 333
10732 334
10733 335
10735 336
10738 337
10742 338
10743 339
10744 340
10748 341
10749 342
10752 343
10753 344
10754 345
10756 346
10762 347
10763 348
10764 349
10766 350
10769 351
10771 352
10774 353
10775 354
10781 355
10790 356
10792 357
10798 358
10804 359
10805 360
10806 361
10807 362
10809 363
10810 364
10815 365
10819 366
10820 367
10821 368
10823 369
10824 370
10825 371
10826 372
10827 373
10828 374
10835 375
10840 376
10956 377
10957 378
10958 379
10959 380
10960 381
10961 382
10962 383
10963 384
10964 385
10965 386
10966 387
10967 388
10969 389
10970 390
10971 391
10972 392
10973 393
10974 394
10976 395
10977 396
10978 397
10979 398
10980 399
10983 400
10984 401
10986 402
10987 403
10988 404
10989 405
10990 406
10991 407
10992 408
10993 409
10994 410
10995 411
10996 412
10997 413
10998 414
10999 415
11000 416
11001 417
11002 418
11003 419
11005 420
11006 421
11007 422
11008 423
11009 424
11010 425
11011 426
11012 427
11013 428
11014 429
11015 430
11016 431
11017 432
11018 433
11019 434
11020 435
11021 436
11022 437
11023 438
11024 439
11025 440
11026 441
11027 442
11028 443
11029 444
11030 445
11031 446
11032 447
11033 448
11034 449
11035 450
11036 451
11037 452
11038 453
11039 454
11040 455
11042 456
11043 457
11045 458
11046 459
11047 460
11049 461
11160 462
11196 463
11197 464
11198 465
11204 466
11206 467
11207 468
11208 469
11209 470
11253 471
11258 472
11260 473
11265 474
11272 475
11274 476
11277 477
11278 478
11279 479
11288 480
11295 481
11296 482
11299 483
11306 484
11309 485
11310 486
11312 487
11314 488
11319 489
11320 490
11322 491
11328 492
11535 493
11538 494
11539 495
11541 496
11543 497
11550 498
11600 499
11605 500
11610 501
11623 502
11642 503
11646 504
11666 505
11671 506
11678 507
11685 508
11686 509
11689 510
11696 511
11714 512
11721 513
11734 514
11754 515
11780 516
11782 517
11785 518
11812 519
11816 520
11818 521
11844 522
11860 523
11862 524
11874 525
11891 526
11908 527
11909 528
11918 529
11928 530
11938 531
11943 532
11959 533
11962 534
11969 535
11992 536
12008 537
12021 538
12025 539
12026 540
12035 541
12045 542
12047 543
12055 544
12058 545
12060 546
12074 547
12079 548
12087 549
12099 550
12104 551
12110 552
12134 553
12143 554
12154 555
12184 556
12201 557
12244 558
12554 559
12668 560
13203 561
13210 562
13361 563
13362 564
13405 565
13406 566
13419 567
13471 568
13489 569
13500 570
13513 571
13547 572
13550 573
13551 574
13593 575
13798 576
13817 577
13818 578
13918 579
15097 580
15279 581
15280 582
15281 583
15282 584
15283 585
15284 586
15286 587
15287 588
15288 589
15290 590
15292 591
15294 592
15295 593
15296 594
15297 595
15298 596
15299 597
15301 598
15303 599
15305 600
15308 601
15309 602
15310 603
15312 604
15313 605
15314 606
15315 607
15317 608
15320 609
15322 610
15324 611
15328 612
15330 613
15331 614
15333 615
15334 616
15335 617
15336 618
15337 619
15338 620
15339 621
15340 622
15341 623
15345 624
15346 625
15347 626
15348 627
15349 628
15350 629
15351 630
15354 631
15355 632
15359 633
15361 634
15363 635
15364 636
15366 637
15367 638
15369 639
15370 640
15371 641
15372 642
15375 643
15376 644
15377 645
15378 646
15379 647
15380 648
15381 649
15382 650
15383 651
15385 652
15386 653
15388 654
15389 655
15390 656
15391 657
15392 658
15393 659
15394 660
15395 661
15398 662
15399 663
15400 664
15401 665
15402 666
15403 667
15404 668
15409 669
15410 670
15411 671
15414 672
15415 673
15416 674
15417 675
15419 676
15420 677
15422 678
15423 679
15425 680
15426 681
15427 682
15428 683
15431 684
15432 685
15433 686
15434 687
15436 688
15437 689
15440 690
15442 691
15444 692
15445 693
15449 694
15452 695
15455 696
15461 697
15462 698
15465 699
15467 700
15469 701
15471 702
15473 703
15475 704
15478 705
15479 706
15481 707
15482 708
15485 709
15486 710
15488 711
15489 712
15492 713
15494 714
15528 715
15533 716
15534 717
15536 718
15540 719
15541 720
15542 721
15545 722
15546 723
15548 724
15549 725
15550 726
15552 727
15554 728
15557 729
15558 730
15559 731
15560 732
15561 733
15562 734
15565 735
15566 736
15568 737
15569 738
15570 739
15571 740
15575 741
15576 742
15578 743
15585 744
15586 745
15672 746
15815 747
15818 748
15821 749
15823 750
15825 751
15839 752
15851 753
15856 754
15861 755
15863 756
15866 757
15874 758
15879 759
15885 760
16221 761
16222 762
16224 763
16228 764
16232 765
16233 766
16234 767
16236 768
16237 769
16239 770
16240 771
16241 772
16243 773
16244 774
16245 775
16247 776
16248 777
16249 778
16250 779
16252 780
16253 781
16254 782
16259 783
16261 784
16269 785
16348 786
16361 787
17070 788
17188 789
17450 790
17494 791
17678 792
18359 793
18373 794
18375 795
18392 796
18393 797
18394 798
18395 799
18396 800
18411 801
18414 802
18419 803
18421 804
18429 805
18431 806
18433 807
18438 808
18443 809
18444 810
18448 811
18449 812
18450 813
18456 814
18457 815
18458 816
18459 817
18460 818
18462 819
18465 820
18582 821
18760 822
18761 823
18762 824
19793 825
19872 826
20218 827
21569 828
21570 829
21572 830
21787 831
21789 832
21791 833
21795 834
21796 835
21798 836
21799 837
21800 838
21801 839
21803 840
21804 841
21809 842
21810 843
21812 844
21813 845
21814 846
21816 847
21817 848
21818 849
21819 850
21822 851
21823 852
21825 853
21826 854
21827 855
21828 856
21831 857
21833 858
21834 859
21835 860
21837 861
21839 862
21840 863
21841 864
21842 865
21845 866
21846 867
21852 868
21853 869
21855 870
21859 871
21860 872
21861 873
21862 874
21863 875
21865 876
21869 877
21870 878
21871 879
21873 880
21876 881
21877 882
21881 883
21883 884
21891 885
21892 886
21894 887
21896 888
21898 889
21904 890
21918 891
21919 892
21922 893
21923 894
21924 895
21925 896
21928 897
21931 898
21943 899
21945 900
21995 901
22111 902
22159 903
22160 904
22164 905
22411 906
22413 907
22415 908
23001 909
23003 910
23004 911
23826 912
23828 913
25596 914
25990 915
25991 916
25999 917
26059 918
26080 919
26087 920
26095 921
26109 922
26121 923
26124 924
26127 925
26161 926
26180 927
26238 928
26241 929
26246 930
26277 931
26320 932
26321 933
26325 934
26372 935
26472 936
26503 937
26508 938
26511 939
26513 940
26515 941
26523 942
26529 943
26588 944
26590 945
26591 946
26592 947
26593 948
26597 949
26672 950
26673 951
26674 952
26675 953
26676 954
26677 955
26679 956
26694 957
26699 958
26742 959
26782 960
26792 961
26793 962
26796 963
26806 964
26879 965
26932 966
26935 967
26936 968
26938 969
26940 970
27054 971
27079 972
27080 973
27082 974
27085 975
27089 976
27094 977
27095 978
27097 979
27099 980
27108 981
27109 982
27226 983
27274 984
27454 985
27651 986
28059 987
28060 988
28223 989
28354 990
28355 991
28356 992
28357 993
28358 994
28361 995
28428 996
28594 997
28595 998
28596 999
28664 1000
28665 1001
28668 1002
28671 1003
28673 1004
28674 1005
28675 1006
28676 1007
28678 1008
28679 1009
28682 1010
28683 1011
28686 1012
28690 1013
28691 1014
28696 1015
28698 1016
28699 1017
28700 1018
28705 1019
28706 1020
28708 1021
28711 1022
28713 1023
28714 1024
28728 1025
28729 1026
28730 1027
28733 1028
28735 1029
28741 1030
28746 1031
28751 1032
28994 1033
29407 1034
29408 1035
29491 1036
29492 1037
29493 1038
29689 1039
29852 1040
29861 1041
29862 1042
29867 1043
29890 1044
29896 1045
29902 1046
29912 1047
30889 1048
31377 1049
31567 1050
31836 1051
32683 1052
32684 1053
32685 1054
32687 1055
32689 1056
32823 1057
32922 1058
32923 1059
35130 1060
35147 1061
35205 1062
35220 1063
35229 1064
35258 1065
35426 1066
35477 1067
35648 1068
35657 1069
35673 1070
35674 1071
35697 1072
35704 1073
35715 1074
35726 1075
36046 1076
36079 1077
36082 1078
36084 1079
36086 1080
36088 1081
36164 1082
36167 1083
36173 1084
36177 1085
36216 1086
36217 1087
36391 1088
36933 1089
37057 1090
37265 1091
38037 1092
38418 1093
38507 1094
38594 1095
38854 1096
38984 1097
38988 1098
39011 1099
39020 1100
39026 1101
39055 1102
39056 1103
39132 1104
39155 1105
39158 1106
39159 1107
39161 1108
39163 1109
39164 1110
39165 1111
39166 1112
39168 1113
39178 1114
39181 1115
39199 1116
39244 1117
39278 1118
39431 1119
39892 1120
39894 1121
39939 1122
39941 1123
39952 1124
39953 1125
39959 1126
39960 1127
39961 1128
39962 1129
39963 1130
39964 1131
39994 1132
39998 1133
40672 1134
40675 1135
40692 1136
40694 1137
40695 1138
40755 1139
40783 1140
40784 1141
40785 1142
40786 1143
40791 1144
40792 1145
40796 1146
40797 1147
40799 1148
40800 1149
40804 1150
40806 1151
40811 1152
40824 1153
40830 1154
40937 1155
40938 1156
40953 1157
40966 1158
40967 1159
40979 1160
41130 1161
41139 1162
41199 1163
41213 1164
41251 1165
41253 1166
41260 1167
41262 1168
41266 1169
41270 1170
41276 1171
41282 1172
41283 1173
41285 1174
41289 1175
41290 1176
41292 1177
41295 1178
41429 1179
41432 1180
41434 1181
41441 1182
41444 1183
41451 1184
41454 1185
41459 1186
41462 1187
41469 1188
41470 1189
41471 1190
41472 1191
41474 1192
41479 1193
41480 1194
41482 1195
41483 1196
41485 1197
41486 1198
41487 1199
41490 1200
41495 1201
41496 1202
41497 1203
41503 1204
41504 1205
41509 1206
41517 1207
41518 1208
41519 1209
41521 1210
41526 1211
41528 1212
41531 1213
41533 1214
41535 1215
41670 1216
41672 1217
41674 1218
41722 1219
41736 1220
41737 1221
41748 1222
41751 1223
41757 1224
41767 1225
41778 1226
42124 1227
42125 1228
42131 1229
42427 1230
42430 1231
42497 1232
42516 1233
42562 1234
42712 1235
42805 1236
42913 1237
42914 1238
43099 1239
43296 1240
43297 1241
44784 1242
45256 1243
45592 1244
45610 1245
45631 1246
45639 1247
45643 1248
45646 1249
45650 1250
45655 1251
45658 1252
45661 1253
45662 1254
45681 1255
45692 1256
45700 1257
45701 1258
45702 1259
45706 1260
45715 1261
45924 1262
46092 1263
46098 1264
46100 1265
46101 1266
46169 1267
46896 1268
47260 1269
47266 1270
47274 1271
47302 1272
47303 1273
47305 1274
47470 1275
47889 1276
48790 1277
48792 1278
48808 1279
48810 1280
48818 1281
49275 1282
50445 1283
50488 1284
50688 1285
50690 1286
50724 1287
50814 1288
50815 1289
50816 1290
51476 1291
51478 1292
51486 1293
51493 1294
53903 1295
54078 1296
54527 1297
54837 1298
54990 1299
55026 1300
55028 1301
55029 1302
56006 1303
56842 1304
56997 1305
57052 1306
57416 1307
