6413 81
2624 164
3933 81
1943 81
4710 118
8319 148
6749 81
3842 81
6272 238
7511 224
8760 246
7636 118
9041 192
7576 133
4008 133
2441 44
8766 224
4556 163
1634 81
72 244
1301 3
3829 58
6247 24
9508 224
0 5
4538 81
3875 86
3407 206
7878 224
2669 81
40 215
4334 133
1318 133
7058 244
1262 81
5741 188
4888 81
2336 24
9497 81
8166 123
2009 163
7372 81
4926 81
1919 85
3238 203
3204 81
3742 243
8170 81
1469 18
3372 148
2828 58
2296 178
1877 73
2558 41
5181 34
1913 157
4835 74
6778 81
8925 81
8337 0
6923 228
537 81
1425 44
3889 81
1264 222
3831 69
323 24
9921 81
1997 73
8742 198
1898 178
8187 163
643 236
7973 190
8752 81
5 81
6266 163
1879 209
1907 24
2042 219
84 81
2317 222
3239 176
6695 224
8825 196
5267 172
4313 44
6928 203
170 198
1286 81
7566 58
2561 157
1103 24
1903 224
9195 81
9840 224
3333 235
4839 163
8180 81
872 81
7700 81
6969 206
9567 186
4901 44
1466 163
5670 85
5689 190
1939 163
4893 123
7518 81
4585 85
325 41
5731 81
7960 196
5720 196
19 0
1236 81
7602 81
9121 23
4 41
3967 81
6870 222
7326 85
1901 209
2708 23
1310 157
7214 65
4627 157
8503 44
5176 157
2177 24
6386 235
8642 73
7639 163
1849 70
6260 163
7540 42
6013 106
5014 139
1845 222
4039 198
3845 235
3953 188
8650 163
43 131
3886 81
7975 220
661 181
3003 81
3460 1
9555 209
3822 73
8808 203
6251 81
12 3
7788 57
1182 163
5135 139
2379 18
8235 81
1181 79
4543 41
3202 172
2529 128
3290 81
8100 139
4676 188
6337 18
2724 26
3258 139
4970 81
1966 198
5682 59
3033 157
8876 106
7050 23
1513 210
3586 178
2878 3
8402 81
5662 81
9337 222
5156 209
6304 81
8863 58
6751 18
4917 81
9942 184
6343 41
5067 206
1312 18
4207 206
3976 157
7351 44
5497 24
5705 81
66 58
1275 206
1323 3
6880 106
5094 81
1123 118
1321 141
119 81
795 163
5976 244
31 81
9933 163
6909 81
4096 236
9748 206
6166 133
937 81
8409 81
8872 206
5848 163
5786 151
7598 157
9400 224
6297 81
6048 133
8313 123
1924 24
8864 81
2672 85
673 106
8174 157
1347 224
3002 198
4575 81
6265 128
8841 146
2313 163
6678 81
9442 3
5297 81
5353 224
3200 224
8214 65
8853 3
6141 224
7062 58
1844 81
8820 123
5233 81
4836 224
9726 224
7551 24
5183 81
9455 180
4045 163
1940 81
8219 73
9488 81
1272 81
7750 81
60 106
8269 198
9357 81
1910 209
5394 44
2547 81
2731 23
5775 81
2536 85
1870 24
6339 41
6375 245
8794 81
5078 81
27 81
4561 128
3329 60
1708 222
6893 106
3859 162
1902 81
4305 198
3375 1
9759 163
3472 28
8233 141
8161 106
6866 163
3232 237
8320 163
8163 81
5726 65
648 163
8177 58
8775 163
7509 73
2549 81
1322 81
5089 198
2955 118
4573 196
3087 209
7397 206
6264 85
417 59
7491 106
2579 3
3851 235
3206 196
6326 206
6699 3
2826 163
3216 3
6120 0
4494 3
7563 163
6837 222
8191 18
1054 157
3759 73
4512 81
8746 163
6926 96
5750 163
9213 81
5130 198
64 98
5692 203
2990 41
7556 58
9311 237
5144 24
50 81
5713 58
6665 81
5099 237
3210 81
1101 81
1871 81
7342 198
8255 235
9971 59
8298 163
7447 73
7945 157
8796 237
6906 219
705 81
8761 18
6763 3
1538 81
6719 163
1093 163
758 143
6099 24
740 243
5738 5
9008 18
2429 222
2538 118
5777 206
5711 81
8765 81
6904 118
4695 187
22 219
1958 224
2613 81
6241 54
9456 235
6254 106
2611 198
6873 148
5710 4
209 163
8148 81
3876 81
9417 81
706 41
9832 235
6244 41
3918 81
3934 199
5697 196
6439 85
4530 81
3971 24
1413 58
6869 106
5232 58
9449 163
4161 206
4784 157
9433 3
6276 81
1 7
8866 3
2588 81
4338 195
5150 157
664 41
1897 237
7545 196
7543 123
3583 58
9420 58
3222 81
9499 206
2285 198
6661 18
3188 235
2597 224
1921 81
9450 65
2631 231
28 239
8804 3
4399 243
8814 157
500 235
7567 81
3413 85
8608 81
54 164
9922 157
4194 58
3997 41
6252 73
9356 163
7121 163
8508 222
5644 81
9460 192
6915 81
8266 18
8734 237
3746 81
8179 81
9576 106
647 204
2347 58
2168 163
1908 65
2480 222
4608 81
357 219
9342 163
2885 81
4255 163
8767 58
626 21
6219 164
5937 41
9665 23
4542 81
1918 18
7574 192
715 81
732 81
108 106
3806 190
3426 163
6693 120
4405 81
491 4
808 24
2711 163
6319 86
2003 177
30 81
1501 157
650 222
7668 81
6363 81
8602 0
2677 163
9591 81
7557 81
47 106
9414 163
4535 220
3852 196
2539 106
2104 198
1605 3
2580 163
9453 81
5086 85
9452 85
6314 3
5673 118
6956 23
4164 81
3693 157
124 24
899 73
8916 85
3330 0
3323 81
8415 81
6324 137
1954 81
3899 81
9765 31
4952 244
4260 188
8517 133
5091 18
3827 148
7047 81
1271 187
6902 81
8870 81
3925 81
3318 24
4994 81
6461 81
5704 163
2851 196
9805 3
8622 206
487 81
3377 81
3296 188
9585 44
6705 81
3233 18
7578 106
4609 81
3249 3
181 81
3529 158
368 219
9057 172
5547 223
7174 123
1942 163
1929 106
8509 81
6649 58
4707 157
8265 81
510 7
2686 41
2666 81
14 81
5004 148
51 81
4651 81
5820 157
62 81
7049 1
4534 163
465 81
8803 81
3182 163
5274 81
532 187
7530 81
8341 81
1406 81
8816 3
8091 58
8152 59
9636 58
1961 237
8762 163
9464 110
1971 203
2212 18
881 81
3848 206
6427 81
9900 118
2577 81
688 163
93 163
2742 197
3298 98
5767 163
5596 206
6724 41
8756 58
702 163
3839 85
270 58
5995 81
8271 106
3855 3
7501 163
9409 118
6936 206
5141 156
8197 7
117 206
9713 163
6161 163
8672 81
4114 133
6311 24
8026 58
195 198
2516 163
8349 163
3247 106
5878 139
6188 81
3884 118
1325 81
5196 145
7559 224
362 85
7266 59
7674 210
1955 85
6054 204
1944 206
1876 237
7527 198
813 163
6892 123
1416 98
8774 81
3494 58
9551 32
3944 235
6355 81
5134 81
5758 163
5075 81
8169 58
666 92
7057 123
1299 118
1836 164
6331 81
7571 81
9469 81
8297 235
1297 81
2 243
8289 192
5832 204
3897 163
2652 44
8438 81
7026 244
548 81
7277 123
9415 222
3459 209
5851 122
2586 209
6175 24
7516 59
1353 148
8164 118
5674 163
7532 24
5805 81
1364 106
6082 81
3991 81
5434 24
6943 163
7500 235
2053 233
6921 163
8195 58
2329 81
6960 44
1360 163
4533 118
9439 81
1329 219
6370 1
68 81
1883 81
1704 0
1930 118
1285 163
8954 0
7350 81
9198 81
4645 81
4568 81
8709 106
1188 128
4307 85
3270 18
1224 106
8726 235
58 81
5681 18
2162 81
3317 81
8493 148
5714 123
1821 81
78 85
2262 178
9729 196
2348 118
6611 81
7676 206
867 243
6698 23
6625 224
6489 187
2308 163
4311 81
8566 141
4363 73
6390 24
6757 81
1657 24
5473 24
4219 23
4089 206
7716 241
9218 243
5403 73
9341 243
4336 224
3192 81
719 57
8382 176
3405 139
5801 222
9425 157
4939 81
90 81
3911 198
5563 81
5161 81
9792 118
8183 231
8199 118
1873 123
2746 24
8307 123
7011 73
5110 58
689 224
2511 224
7524 66
1278 41
1832 81
5747 44
6984 163
37 163
1786 81
1104 106
92 24
2161 81
9451 163
25 41
5672 81
2782 57
8239 81
6879 18
2887 118
3686 163
6916 81
8878 163
9457 81
4656 26
6364 206
8792 81
2528 148
1899 172
2164 57
3630 163
6145 18
7241 81
2792 85
9566 81
4638 81
7549 81
3866 77
8828 128
5504 81
8222 81
6287 247
2057 81
1352 41
1934 161
1385 57
7986 210
1391 81
8818 81
8871 81
1962 163
912 18
8224 58
8303 211
4301 173
1803 81
1174 210
1099 210
6291 81
1458 118
42 29
36 54
154 244
7405 163
6335 73
2582 196
8178 142
1461 58
484 18
7991 235
6899 24
6896 219
8889 58
419 81
7044 73
8318 163
6069 219
1373 196
3652 206
4996 41
6587 196
7537 81
5589 73
8198 141
6863 198
3672 157
1504 81
9329 18
6414 24
8618 206
3198 81
672 206
7768 220
8882 81
3300 203
8281 81
1200 235
8832 81
3160 206
8661 163
2523 203
5740 23
7697 112
6257 166
2165 81
7331 81
2484 176
2276 58
9228 81
6321 81
6944 85
7489 106
4292 23
4193 81
2921 81
4306 81
7087 237
3878 118
6300 149
6912 81
5677 178
2027 224
5225 235
2575 224
8451 81
279 224
3573 81
8684 81
2345 81
6005 81
3137 81
6279 222
9519 81
5177 26
5143 118
1762 41
1289 243
2563 85
3102 81
379 163
380 23
7297 81
3748 81
8682 98
7526 18
736 242
5084 81
5411 224
420 58
1436 81
2384 106
1345 106
7246 148
4031 1
3963 163
4646 206
8467 81
858 3
4721 163
6406 163
1162 157
698 106
5759 58
9212 81
3682 81
5125 85
8924 157
8896 224
3988 85
7066 81
9521 18
7820 106
7019 206
1418 81
8192 24
9587 81
2848 81
3061 204
7890 118
1395 85
3622 244
5079 24
18 198
4587 81
9725 188
3673 81
7053 224
3965 24
7903 98
9534 81
6434 211
6570 0
5393 81
4905 24
2564 24
8850 7
8771 203
8755 106
968 81
4604 154
9647 139
8581 163
196 219
5537 34
8398 244
3638 18
7751 81
8785 81
8292 222
1209 244
7523 157
1444 24
3981 206
5685 24
5679 81
9552 148
4633 24
660 248
95 139
6872 163
6124 163
9431 188
6133 198
4539 81
645 81
7484 106
4922 224
1334 206
1263 106
7463 85
3577 81
5688 224
9863 81
7817 81
9418 85
5080 211
7814 244
6449 98
2277 157
3304 81
7061 224
7431 66
3326 1
7393 24
1284 141
5844 4
3097 235
1980 81
6258 49
3828 3
8159 81
9366 23
7364 203
8980 34
5231 81
1303 81
7502 196
4914 81
4186 198
4606 244
9307 81
6195 139
5886 81
8648 81
218 18
2540 81
7358 18
1298 18
8324 244
4581 178
8129 85
3146 237
9447 219
3344 54
8892 205
806 155
1265 196
2005 18
3823 81
8958 244
388 65
258 65
3874 163
1357 81
5518 23
2435 220
9470 81
4591 58
9504 205
6535 81
9542 148
6255 81
8769 81
8976 163
7325 163
4435 47
7579 163
6418 106
338 81
7942 224
5077 18
5222 58
7052 81
2062 3
554 163
8211 163
4220 235
8849 203
5152 81
5217 4
7356 163
4517 210
3723 81
3745 81
71 81
678 81
4951 49
5224 57
127 65
5852 58
4005 81
8786 81
1473 23
3602 206
1759 244
4073 235
8484 48
6423 118
571 244
9695 219
8749 81
163 57
4095 157
141 24
1797 163
9582 81
6305 178
8368 58
8836 235
2522 81
8971 81
5218 206
6368 81
801 1
598 123
1923 178
1270 81
2518 163
7494 163
3307 123
7382 211
4504 163
730 81
555 81
1450 224
1994 203
9374 198
1417 0
2713 81
769 57
9059 18
4580 203
4297 118
8801 81
2654 41
7626 139
1959 157
7439 157
3418 192
6470 23
7823 81
5083 41
5035 203
7561 118
7913 163
784 192
2014 192
3421 81
8946 81
6748 85
1339 106
6513 148
8287 213
9496 81
1975 81
35 222
6971 81
3225 41
9459 85
3201 248
1946 141
7628 230
909 197
8251 198
2682 240
2011 81
5533 243
4521 136
9368 81
8781 163
2609 209
8089 157
73 224
2976 58
4026 81
8979 81
756 81
393 81
2880 81
6558 4
3309 123
4601 218
6891 81
7063 81
5146 81
8342 81
1337 81
2022 157
5427 1
1968 7
5349 98
6972 81
656 81
1878 163
8805 235
7503 65
8209 117
49 81
149 163
6052 231
3857 81
7586 58
2368 244
9267 24
5532 204
418 81
2037 123
9645 81
9721 210
9644 164
4250 192
8772 72
1355 1
4782 57
105 163
690 85
4562 163
4953 81
4649 23
3628 81
1956 224
61 148
2096 224
2717 224
2185 192
3 73
7384 73
4066 163
2396 196
277 240
134 81
7696 244
7887 163
6 210
9612 118
2517 81
7901 230
3319 81
6002 81
7261 81
6621 104
5236 157
7721 81
6604 65
3402 231
4276 81
4711 205
7772 163
3943 81
7116 157
841 81
4456 23
7871 206
4392 133
1502 81
7445 157
1566 23
8379 206
4014 81
8968 123
8373 58
3776 104
8977 81
1379 81
8912 133
8903 81
3189 58
2616 106
4553 157
9010 133
950 41
6895 81
8247 81
8223 81
3466 26
6976 81
5700 3
8346 203
3825 18
1847 231
5865 1
2600 235
5138 81
9426 224
1977 224
82 81
8759 163
7166 81
115 81
4611 139
8747 58
4167 65
527 23
8492 127
3898 206
7594 24
9419 81
8165 141
67 81
9164 224
9512 54
3575 222
1900 163
6394 81
3841 222
39 178
4400 163
1291 198
1340 73
6919 41
3867 79
7264 73
4415 123
8865 58
1906 118
9487 81
459 85
3985 81
7452 188
7607 81
3159 81
7634 23
9489 81
7468 81
5795 203
1327 81
751 81
6889 81
6403 81
4930 81
3091 106
5087 163
8962 81
9981 236
2531 192
6864 81
753 34
5762 81
8811 224
5037 163
9344 141
1368 203
568 151
7584 106
894 3
9684 81
3844 192
6942 163
6983 7
545 118
1359 168
16 163
2548 203
9816 31
280 1
1098 164
8502 81
3208 209
7522 163
5701 3
9719 151
2215 81
1480 81
296 81
8207 81
9709 118
1911 31
9586 81
4003 165
7765 13
6388 81
7849 65
8937 163
164 81
5778 197
6412 118
2963 81
3916 157
497 163
3968 157
7444 235
7969 235
185 163
7591 243
8150 118
2414 224
6865 58
6277 81
8317 118
8213 163
9437 18
7641 235
6285 49
2578 163
6400 206
4518 58
1452 41
1465 24
859 205
4650 198
1307 198
6250 44
5709 98
5770 41
5151 58
4510 81
9112 81
65 41
5154 59
9604 0
9741 178
5469 222
4590 81
7434 156
5149 58
4582 157
4302 210
3121 81
8284 175
4037 206
5200 81
5721 81
4956 247
2131 133
8437 219
5575 133
713 203
8252 85
6445 1
146 98
725 227
2117 1
6791 184
3946 81
6391 81
5669 58
6614 163
1999 81
6382 81
983 18
839 42
8272 163
9661 157
6935 206
7933 81
655 211
376 163
8360 133
7564 106
6115 139
6333 18
8790 3
9858 24
405 106
4703 163
7713 231
8777 18
6529 244
438 81
5736 81
5081 118
1926 231
7711 237
1640 178
7036 81
5242 81
3078 85
8079 41
9795 44
1750 188
7932 163
686 244
4629 7
4559 219
9336 244
7366 81
5839 41
6011 81
148 163
1804 241
9033 58
1826 118
7856 163
707 163
7130 81
4419 81
5208 241
8784 3
2581 81
7014 106
6900 219
4602 58
8823 118
4903 85
9120 224
8238 133
519 237
8852 64
1996 222
583 98
3194 106
1437 73
2642 81
6878 58
5206 24
3910 81
5249 244
5695 81
4360 81
4962 1
9310 85
110 71
8413 210
5599 28
5671 81
6094 118
9820 118
6931 44
2211 81
166 123
6518 23
2735 23
582 81
9410 81
9563 133
853 81
1326 163
2243 81
8087 81
9440 222
4352 58
6959 81
4574 59
8171 58
5180 81
3468 163
1277 85
8221 81
6085 198
4881 81
9740 21
5576 1
5722 219
2725 81
8789 85
9485 81
1124 81
5702 81
7018 41
7228 206
6350 224
8798 81
9 163
9837 206
1471 81
8246 81
1517 23
5853 41
7944 1
2261 81
6428 58
9520 0
7422 81
752 222
710 1
5104 81
5164 224
4316 85
6344 157
4350 44
5488 81
5614 106
8778 81
5723 224
3240 81
3284 157
1552 81
1863 106
1351 85
4011 163
3104 81
5282 163
4265 3
9183 163
8110 243
81 81
2400 81
4523 18
3609 206
2648 163
9925 81
2280 209
1949 81
6309 224
7514 81
1904 81
5171 24
9561 59
2959 24
1775 85
261 81
7961 81
3269 206
4001 81
7032 81
7827 139
2715 81
1451 24
1316 81
6380 164
8835 81
771 244
5227 224
2512 18
7124 133
5706 163
3820 81
3218 198
1280 58
8685 163
814 237
5764 1
1917 42
9124 32
6990 98
2625 18
9923 3
8350 206
4340 81
1536 81
9889 81
7091 81
5718 106
1951 203
8751 81
29 79
7599 1
2319 123
5188 156
9819 123
1470 81
6739 81
8203 31
9430 178
4637 57
3978 204
3264 196
1529 81
3271 85
8299 118
682 163
4666 81
4818 81
3530 85
5070 163
7581 81
6323 81
7538 163
4247 81
8278 81
610 81
228 185
2021 144
2116 163
2545 65
5879 224
6987 81
7471 196
3219 106
6372 3
5139 81
1884 58
4328 81
9501 81
3177 198
3178 57
9944 23
4034 81
2734 148
8750 209
3190 59
692 81
2991 163
4853 211
7809 204
8922 1
755 157
1462 81
8149 163
4004 222
5967 244
9209 28
9264 133
7618 41
748 231
7725 248
3921 139
1013 222
5076 81
3306 23
4485 91
4588 247
8729 1
2595 44
6157 224
7702 81
3794 163
7978 57
6491 18
3926 24
143 81
8340 81
8949 81
670 212
9537 206
8955 118
2785 81
9986 7
4487 222
5856 24
7005 240
3930 81
1717 4
9536 81
4397 57
3316 81
1107 206
4288 24
5850 57
4214 58
8824 26
7855 81
3228 237
8783 81
6977 178
2632 41
9532 163
9007 163
1509 106
1435 21
3950 81
1386 98
7023 81
6615 163
2016 163
7016 1
6890 18
2606 166
1937 59
1402 81
3862 85
2133 148
3004 81
2774 44
640 224
1274 85
8911 24
4592 44
8764 224
5245 81
8225 240
8463 133
3986 81
8 163
177 206
8686 44
1361 141
4287 219
9117 1
8930 34
3303 4
5546 41
4524 3
4697 244
8695 65
3470 188
5395 128
1840 163
1358 58
8260 163
7365 44
6553 163
5202 81
3901 23
9516 30
7048 237
5172 81
7930 173
2001 210
6238 58
3196 157
4709 235
1035 104
9026 81
5243 57
6248 106
7558 206
9502 44
5810 206
4771 81
433 106
5920 81
4450 231
4598 106
2028 34
6402 163
5896 81
5724 133
3596 133
2726 164
4577 73
8647 123
731 81
787 81
3335 231
2638 106
5423 185
9857 157
2526 222
4493 243
905 206
1505 222
7613 49
2891 187
7583 34
4452 123
2954 85
7247 18
9399 206
3230 81
101 118
3431 81
1214 81
5187 243
41 106
8834 222
7487 23
7301 81
3401 192
4140 85
5998 243
3379 58
5276 23
4446 65
2507 163
8921 206
5742 58
2294 203
6548 205
2914 244
8973 41
8305 81
7601 81
4526 224
6256 21
1331 58
5355 157
5432 81
5761 81
744 81
8575 81
7984 224
5174 235
2139 24
9479 235
4565 206
6802 163
695 18
6718 244
6881 210
8721 118
5703 21
1895 81
4367 98
5097 163
2977 91
9911 81
184 163
8965 133
1204 204
8008 247
3935 148
8277 23
9481 4
949 139
6340 222
469 18
4674 222
4557 18
3423 81
7744 81
7589 81
473 81
7033 58
4668 1
353 81
1829 133
4845 81
788 198
4934 81
5383 81
5841 163
3231 81
1354 81
307 7
7510 163
191 106
7024 81
3937 222
6966 163
8676 65
6903 1
1674 81
4171 135
7 58
7898 41
8146 206
8506 57
5175 8
8874 81
2506 163
8186 118
8819 23
1477 139
8458 163
5858 231
2542 157
1058 4
3262 157
2513 58
7617 73
8799 204
8201 196
8807 163
781 81
6299 81
735 224
5203 58
3332 81
1494 133
777 21
3467 91
9528 204
3979 141
5954 24
3909 58
8153 81
2007 81
1184 206
1292 44
7737 203
1066 18
4501 65
8264 81
1893 231
1343 133
1806 196
3119 81
4716 235
1113 24
4189 18
3893 24
4251 81
4571 185
5735 81
6953 192
8717 65
9179 106
1042 3
8662 206
3906 23
2569 118
7470 178
7550 125
9194 157
8637 157
8817 58
6357 206
1421 41
7305 104
9302 148
2684 81
4583 81
2806 81
550 58
526 203
5092 58
6308 198
6628 18
5170 235
7560 98
5025 157
7655 192
2445 118
7988 133
712 42
1993 203
9483 118
9181 206
529 224
1459 7
5062 83
2844 4
1266 172
2565 81
2650 18
628 163
1245 81
8157 98
8793 118
2508 81
461 163
130 1
5904 133
55 163
1973 1
5771 81
4626 148
6310 224
2325 118
6593 224
2462 148
3268 23
7077 81
3826 197
6700 70
2855 244
3331 18
5450 79
2676 18
1314 163
4692 57
4549 224
4823 23
1431 244
3199 106
3211 81
8210 3
5051 244
5699 106
1952 157
5219 18
3854 222
6479 243
7280 41
9500 81
4546 206
1308 18
1688 163
3075 163
761 81
1362 23
7610 81
3843 118
7512 58
6243 224
5676 220
1842 81
7458 219
1422 163
7541 3
5707 106
3574 81
6216 58
3292 81
2393 163
3885 163
2626 59
7481 41
9416 7
8155 163
8384 148
1888 44
3865 81
2123 41
436 26
6039 163
263 81
5101 232
7488 31
3018 204
2869 210
7528 98
5906 81
1891 198
4550 157
1722 73
4508 172
4514 3
4663 58
6283 1
8720 118
4740 206
3856 163
1694 203
5148 124
4017 198
8435 164
708 148
4618 85
8591 81
1330 173
9441 141
9804 98
759 222
8981 7
8176 81
5986 244
5140 57
3920 1
3715 198
5073 172
4105 224
5769 21
8963 81
6512 222
1279 198
4769 1
6017 24
826 219
3069 3
1880 65
4933 198
5814 58
6270 66
3699 206
4428 81
5561 184
4563 163
1807 222
681 81
9617 240
4080 224
5313 81
4677 65
3327 157
5962 81
5356 190
8848 81
344 81
6800 18
1533 125
7629 224
75 58
8953 81
5781 60
5115 123
5169 58
9458 129
6274 81
6271 5
680 123
1269 18
2106 81
8943 3
3272 163
6389 81
8333 223
794 244
3279 81
8156 3
2683 106
8743 224
76 81
4807 210
5675 65
1287 247
4605 59
8826 81
6744 81
6354 106
7531 237
5696 163
9480 3
9651 81
6352 81
9275 163
7720 58
1590 157
1328 73
6907 7
4506 163
621 198
5588 163
1006 81
4569 118
3938 24
173 206
652 133
9429 81
8829 44
20 118
106 41
2576 58
9308 157
760 81
2966 41
5821 1
3504 21
1411 157
8250 208
2623 163
7106 47
6985 139
6834 244
3915 157
8984 57
7836 210
3927 101
9867 81
5712 163
9445 118
9193 206
8236 85
657 163
3387 178
5687 118
2546 24
8813 81
1587 65
8861 65
662 59
111 157
4625 58
3824 163
4132 157
1905 41
8263 41
7184 81
2349 118
2902 196
747 192
1990 44
8030 163
1059 224
8500 157
9003 148
3890 18
9588 59
9071 73
4547 81
9736 81
7533 198
2130 81
2091 235
5259 163
9408 243
2879 81
5510 3
7660 156
5562 0
5119 128
2071 1
5863 118
123 85
5593 59
8827 163
8913 81
4104 81
5974 81
9406 41
5160 81
9396 59
3727 198
5809 244
5910 244
162 157
8951 237
6290 235
5716 98
3024 204
3299 81
2922 81
3368 81
7294 188
1412 188
4898 81
7300 139
481 123
7492 237
7869 81
8616 41
5366 81
2157 81
9403 81
1808 240
9177 58
8395 81
6193 163
8316 164
6709 44
6261 81
6475 41
2791 81
9806 81
4525 106
8606 98
6605 81
7784 81
5798 60
5128 81
3736 81
7345 66
6766 197
8417 222
5725 60
2515 81
7724 81
934 81
9703 81
7496 211
4681 1
1432 163
7958 133
3184 18
817 106
9261 4
6296 81
6997 81
9192 60
6562 244
8443 23
5502 163
7577 204
728 98
6468 81
9405 163
4728 81
2896 41
4156 133
7604 4
7611 81
3872 139
6303 81
9090 70
1599 148
7941 58
3837 192
9011 81
5691 178
8478 41
4712 81
446 81
8175 211
6358 23
3117 81
3242 41
2655 188
1850 163
3750 139
1195 151
6981 81
831 12
1259 244
9428 18
1991 222
5019 81
444 81
3896 81
770 106
2352 81
1648 58
5400 118
608 24
1419 18
1660 163
8880 81
6948 81
5734 198
10 163
6200 81
962 58
4708 123
8906 81
3022 81
4643 58
3961 49
1928 60
121 41
1881 163
8614 24
2639 81
3322 7
9822 59
9493 81
8339 41
8065 244
4025 41
69 106
6318 23
8132 244
3006 163
2069 7
849 178
3095 98
4006 41
5471 198
4537 81
3990 224
9602 106
7441 58
5819 81
6505 133
8928 163
4054 203
137 41
2010 81
8926 219
5492 210
1426 224
3288 18
3879 222
9422 157
726 231
844 192
4630 18
599 24
3554 240
6941 118
169 203
7346 81
1225 235
2556 123
8725 206
7133 81
3576 224
4950 106
4377 4
2707 81
6932 163
7647 163
9473 81
8025 157
4632 106
347 206
9554 81
6172 41
9448 81
2909 210
3111 58
506 106
7673 163
8887 23
6569 98
9530 23
8744 3
5261 235
8961 164
116 81
6950 224
5602 163
7349 26
4918 81
7587 81
7539 204
4425 106
1976 163
3975 21
1248 163
3131 42
1834 164
1824 60
6826 81
1981 219
4023 163
1057 18
6819 118
102 29
819 210
6637 111
4660 81
8830 85
9404 42
1967 172
4545 220
2509 58
8392 73
8457 18
5346 200
9623 38
11 235
7267 196
4795 21
3348 157
7161 163
4042 222
7614 243
754 198
8960 106
241 23
129 73
2038 21
4864 54
9238 128
6656 71
3931 81
5686 54
9471 210
3203 65
2786 81
5380 133
8335 164
9049 164
3537 81
8293 220
2459 243
3957 28
7603 198
1281 163
6733 58
2543 1
7638 81
273 164
6868 163
5583 81
5616 224
7519 58
6421 206
3212 141
6110 106
992 1
2812 81
2030 81
4491 44
7657 188
4826 81
1086 23
7906 23
2980 23
5173 206
9799 81
8268 81
9865 163
5106 5
3880 81
128 163
8038 198
8904 1
9610 1
9279 231
3832 166
4642 133
5859 205
86 247
3311 247
676 178
3830 58
1212 178
5439 204
8838 41
8226 133
5626 244
7672 164
6957 58
8745 3
1166 65
1320 5
6059 25
2646 81
1149 66
3869 81
1558 204
6114 34
4684 138
3443 81
7653 192
2322 25
4417 190
9484 196
3328 23
3261 33
8468 25
895 199
1653 235
448 199
9556 179
4147 179
6734 211
9518 106
5237 79
96 196
4204 81
4748 163
8851 26
1726 81
423 210
8656 198
2121 1
9710 41
4015 81
1545 133
1965 163
9474 224
1311 18
3252 23
8154 26
5969 18
4620 118
2337 222
7845 123
2180 59
7073 18
8573 163
2059 81
6035 24
8300 85
3395 209
7542 163
7002 139
3404 210
8162 197
9234 164
2127 237
5264 24
5386 21
1555 59
6951 243
3334 34
98 163
118 3
2675 157
4018 196
292 163
2751 224
7907 190
5790 164
1935 204
3964 219
3223 81
3846 81
5105 220
1835 141
4154 26
5147 25
8228 206
3864 81
1309 205
332 81
1872 206
7498 241
8218 163
9679 81
9022 1
3599 81
7844 151
6165 81
2946 163
243 81
2823 198
7694 163
8286 163
547 157
2359 206
5158 85
1022 4
2554 81
9201 118
1658 36
5085 209
8844 156
9246 198
1894 198
6249 112
5367 73
691 163
2527 58
3439 81
4409 204
3187 81
7045 203
3015 123
2535 118
3132 244
1300 243
8202 73
8220 118
3462 81
6351 81
9515 57
6464 81
8787 198
8212 81
8978 4
6901 21
827 203
4661 81
2865 163
3871 224
8363 151
5869 133
9597 174
8673 164
4010 23
5847 34
2614 58
797 24
7482 58
1381 73
7193 41
1632 133
4724 23
9846 81
6554 81
1540 172
7870 81
7367 81
4477 36
5120 81
3644 133
4658 1
1948 163
5526 244
2481 41
452 81
860 81
3048 222
1146 209
5189 58
341 106
8942 23
122 231
6004 23
7035 23
7678 81
4924 4
7147 173
5145 231
2198 156
377 203
262 247
1415 118
5730 81
5246 148
7575 3
9824 81
3474 159
6381 81
2098 206
2937 41
3999 81
3125 41
9063 81
7096 81
2601 44
4900 41
9494 21
9620 57
1023 148
8982 57
3414 7
2767 0
133 235
4081 81
2455 163
8732 163
2031 23
9662 81
9553 81
8594 81
3336 73
9514 34
9611 81
528 81
1121 7
9511 244
7897 81
4092 157
2242 81
4192 81
4822 82
963 81
9624 133
2266 163
7159 59
3448 81
9020 157
1031 192
6112 81
13 0
424 81
3237 157
9235 41
7609 163
103 81
663 211
696 157
5594 118
5729 123
2268 118
993 163
2795 65
2794 81
4803 237
6289 81
6885 41
3739 164
113 24
399 141
7572 164
8919 42
7328 222
4929 206
1369 235
6732 223
1293 118
3305 7
3637 81
5728 168
3154 65
8353 243
5807 81
1428 203
8206 81
3358 224
6169 106
5121 222
2056 81
1532 98
926 172
1890 206
4369 81
5765 1
6294 81
6327 41
5163 3
7705 133
3894 224
5766 196
8788 185
3617 235
2622 206
3193 81
8773 106
3858 81
4764 192
8295 224
718 198
5788 185
1931 204
4531 81
5684 157
1288 3
7633 18
8231 18
2541 18
6281 163
3662 3
5132 196
5802 244
4519 85
5456 24
6171 18
5448 18
330 85
2690 163
3276 106
1687 198
8763 81
9248 66
9444 163
9053 7
6856 196
8121 3
3227 41
1889 185
1578 98
478 222
4570 192
7860 192
6794 157
4527 222
6313 178
3868 219
3205 59
5793 81
6377 163
1970 81
9844 164
5836 81
8275 81
4555 148
1088 26
7837 106
4040 81
6341 106
5467 81
8302 237
701 118
6137 65
2615 41
6353 156
5103 81
5442 157
981 163
573 206
3308 206
5216 219
6815 7
6884 219
2621 206
9786 198
8757 118
6191 203
6770 7
2899 164
561 24
7419 128
3446 24
3834 118
3840 157
9964 156
7025 163
1056 157
6596 106
3257 222
9572 81
9173 81
7982 196
3932 23
4613 24
9424 224
9560 81
2689 209
2532 203
4623 247
854 81
5680 163
8519 4
792 157
5768 157
4567 81
3287 81
5006 81
2063 41
3493 240
3983 81
2663 176
2604 81
5972 163
9569 73
8929 199
442 67
9216 73
7792 18
5438 185
875 123
171 209
7375 163
79 106
3595 18
6186 81
3481 123
6978 81
7276 224
2355 85
9660 172
5323 8
4944 81
1336 81
667 81
7185 164
9129 172
1092 54
5277 164
4223 81
1038 172
703 235
4462 98
8839 81
7269 6
5179 81
3236 81
9438 81
4886 244
3050 197
7141 42
2750 81
3877 81
2916 163
5295 69
8429 81
7565 81
1732 0
8923 204
4049 24
7070 24
2223 58
4030 81
7322 204
1535 3
2283 163
8915 192
7008 0
4759 24
5748 81
8424 164
5157 185
8891 222
856 192
1922 128
5159 206
3020 24
7262 81
131 81
2693 210
6701 1
1984 123
1779 98
7059 222
3949 18
4495 41
2780 32
3220 58
5506 81
4622 81
6383 81
3021 210
8336 44
5088 81
7955 243
5100 41
6937 204
3234 23
1936 24
6947 59
6055 222
8040 192
577 118
1141 81
2822 59
697 163
1185 224
8331 163
5496 222
6267 123
7719 1
3035 81
8205 49
3047 65
26 118
668 172
5683 243
2574 163
3873 139
9398 58
1938 106
5096 44
644 224
7486 163
4576 222
5640 85
1344 157
7815 157
6537 133
5591 163
9002 139
8466 193
2951 163
7354 163
5958 141
234 81
3709 235
2629 157
2544 235
4791 206
2251 216
5493 41
8256 231
6148 81
5445 151
1294 3
3882 41
8520 222
1161 81
9229 197
9526 58
4261 198
7188 173
3516 81
6071 7
3805 184
7392 210
8663 224
3324 7
8815 206
5055 24
2088 231
8612 73
9540 23
1496 81
6302 163
535 123
5979 196
2314 112
7652 3
5241 163
2195 163
9397 163
3821 98
9359 24
1408 54
2562 81
6829 196
7513 224
9110 81
1706 163
8587 24
5698 49
1290 235
3907 106
6278 81
6349 41
3960 0
1346 65
5651 139
6441 198
3214 49
6315 163
4578 219
4503 163
1350 157
6472 24
6784 81
8689 0
6918 65
1109 219
745 81
9111 3
7094 71
9058 81
2217 41
2618 81
15 163
9690 247
2284 220
1680 81
2612 196
2519 118
1095 81
6962 81
6875 198
8576 58
6286 118
1947 81
4667 81
2846 224
8628 7
8564 81
8122 188
6882 243
7285 81
9462 81
3509 157
7268 81
7076 164
2290 81
1721 235
6009 81
3425 224
4544 196
4804 81
8944 26
2776 0
7090 81
7041 109
7828 85
5487 157
9082 81
716 81
9671 81
727 81
9427 163
5822 23
482 188
4808 81
1950 118
5733 204
336 123
2482 23
1203 222
7505 235
8237 224
646 4
6938 157
7001 133
6933 58
9350 204
470 106
9752 18
1150 34
9973 41
1625 57
4012 81
4420 79
7424 172
1527 133
782 163
3141 187
5505 244
4989 206
5556 57
562 3
215 1
4745 81
8370 222
7548 31
8993 214
3737 33
6515 133
4357 178
6560 222
3974 21
77 128
2120 106
9463 81
7570 41
3835 224
3163 106
3374 157
8436 58
7012 25
1390 139
4774 148
7333 163
3966 24
8069 41
8831 210
2553 58
3519 244
746 210
8215 219
7554 81
2979 123
7884 118
8314 18
8244 219
2521 81
2587 123
2258 18
8160 81
8507 65
6958 58
5389 81
9545 57
9733 118
658 24
5849 21
7704 157
9577 156
2450 224
8748 235
6927 198
8240 58
8873 222
1914 163
7312 59
6322 81
7775 58
4730 44
56 85
7123 206
1429 7
7861 172
1932 145
125 81
1933 163
3781 145
7490 198
317 81
4880 123
3406 18
2419 41
4293 1
6486 1
8590 203
2020 81
7640 185
4682 185
3186 219
2852 231
7954 206
4955 81
3302 118
8996 81
7661 188
4082 133
8917 211
5816 44
7472 163
5756 57
21 3
2660 81
8325 198
9490 157
4143 23
5272 163
8846 192
4560 184
6273 118
6437 81
2775 81
4742 81
109 3
7003 49
7371 81
812 224
6524 81
9402 206
8374 206
5977 220
2260 18
1672 222
3416 164
2831 185
1715 81
6576 222
515 81
6275 198
6922 81
3833 163
5071 178
4998 81
5228 192
3185 106
1114 54
642 85
1295 178
2593 157
1886 224
8173 163
6735 157
34 73
4615 157
9477 198
8294 219
428 172
159 79
8821 1
9963 3
1198 81
1296 145
6894 198
738 160
659 7
1718 222
9407 81
8533 81
9393 0
8504 157
4884 23
6664 4
4492 3
6404 243
3043 184
1969 41
6419 41
2002 8
1315 237
5027 104
9955 163
3267 58
1448 18
3954 81
17 58
3256 18
803 81
7615 81
4825 24
5466 81
2590 163
8681 118
2360 244
2953 247
4890 44
7612 235
5486 106
5803 81
3838 73
2248 73
3191 206
139 81
504 188
1051 231
743 81
8262 204
7205 81
9432 44
9929 81
4401 81
6768 81
502 23
7362 23
888 44
3951 81
834 81
7429 81
2838 106
7020 81
2770 133
882 133
321 81
7088 81
4053 26
1091 81
3116 81
1394 81
7677 81
4988 81
836 85
6809 163
851 188
7760 133
2089 1
2653 85
790 167
3438 58
3995 198
6259 118
8722 23
9000 148
6467 58
5204 163
5963 81
6448 98
654 178
8847 58
8182 224
8061 198
9642 81
1611 81
6435 81
6234 81
7425 232
4984 23
5585 81
2064 139
4093 23
7196 235
5283 157
8995 231
5881 81
5113 133
4027 21
5889 163
1544 224
4705 24
9004 34
8399 118
194 24
2205 163
6217 60
271 34
4698 81
411 98
1453 118
6395 81
7086 1
3787 98
7203 58
9977 244
4064 237
7046 163
2233 4
7078 24
4701 18
6431 81
4029 222
9579 81
1456 58
4002 41
4162 54
5755 198
5957 59
8127 164
8394 73
4979 206
6504 141
6690 81
4641 178
6520 192
9421 163
6618 163
6586 168
5603 81
5913 133
7179 178
1972 197
7876 26
6992 81
7242 185
4097 210
7580 81
2712 188
1593 220
8932 81
7230 190
6462 81
4061 206
6644 58
3853 190
4612 210
791 41
3708 60
8416 133
4635 58
4294 148
5930 196
5291 3
6176 198
6507 188
3713 81
8491 7
6980 1
5258 196
150 148
2061 81
190 140
4410 240
6929 157
6295 81
6742 247
1403 224
7804 81
8309 23
89 106
9894 41
1102 237
6144 219
9939 81
189 81
2824 198
1003 163
1492 164
3110 118
5617 81
5279 81
4936 247
8972 163
7067 81
729 163
1156 81
4375 60
6531 224
5870 224
3197 3
142 59
5831 106
4273 36
6284 31
4347 163
3052 23
7749 163
830 58
2399 66
5530 163
4540 188
2911 206
6888 118
8229 58
6852 164
5047 81
2375 222
8028 3
4507 81
2304 18
5285 18
1380 106
8474 231
2968 23
8261 24
6312 81
8074 0
4024 224
2017 81
5072 41
9694 18
4610 1
1206 18
6325 133
5109 81
8185 81
6245 163
846 240
7608 81
4511 163
7521 222
4617 3
8607 81
9040 204
3767 244
5230 163
9539 49
2426 70
5430 58
8613 3
200 81
7693 24
8276 206
552 157
1268 236
1365 59
4558 224
5939 34
88 81
1234 85
4467 41
8770 220
4390 81
6379 81
6963 118
8280 58
6225 141
5117 237
9486 163
8137 79
683 81
9200 163
2370 26
1915 163
6269 209
636 203
5678 210
8099 235
9985 163
5791 60
140 58
5111 23
32 73
3031 164
7506 178
7508 8
722 18
2201 18
9814 81
9931 164
709 163
4483 58
3082 204
5971 18
74 198
5975 210
1382 106
1987 203
2667 34
9810 7
6433 244
7040 166
5444 163
8147 163
3870 198
472 133
2493 163
1539 42
1650 23
7679 123
5136 106
8875 26
2029 0
4767 118
7529 236
6446 81
6782 3
3273 81
6585 34
8053 133
7525 81
3150 106
9093 173
2207 163
6686 222
5871 57
7334 81
7654 81
7842 81
7433 81
6016 4
6647 81
8013 81
4829 148
1617 81
9079 7
8927 118
8970 81
3511 241
4871 23
390 106
5694 41
8986 81
5428 163
2066 81
1443 163
7265 38
8651 148
8679 163
8330 0
6111 133
8388 230
7689 60
9626 133
5898 81
4007 38
1043 81
7663 219
4236 38
914 81
3356 81
2903 38
8361 81
6444 81
4665 81
6887 176
5312 57
9667 81
8498 163
5732 172
5792 4
9411 58
8077 58
3282 85
7922 118
8702 58
2560 81
9595 81
9031 23
4173 81
9113 81
649 1
8217 157
4387 230
7021 157
1273 163
9589 81
2820 81
2046 0
6046 81
5429 18
239 206
6306 190
485 163
5509 222
8580 163
5708 3
8172 3
1953 3
5124 58
850 11
4513 79
3350 1
5751 198
1324 224
1802 3
7120 164
1559 118
9098 206
1383 163
3998 81
6503 81
1985 118
3970 81
8158 1
3019 24
3643 123
8118 18
8890 4
5182 231
6471 235
4048 57
5817 85
178 211
9492 81
7573 106
3929 139
1356 133
1885 85
4653 58
6924 235
2044 118
5095 81
8700 81
4125 81
1789 81
979 164
3345 58
1012 178
1860 70
9401 41
1892 198
6862 243
1333 222
8901 148
9287 7
3411 73
3671 231
3483 243
3847 41
6600 85
3235 145
6655 18
7600 81
669 18
7723 34
3743 81
2764 0
4766 81
2000 81
4636 157
52 237
622 58
161 58
1668 81
711 163
3942 81
6360 81
3342 81
4028 231
1491 41
107 106
8230 57
328 18
9821 73
3060 178
1283 128
3818 236
9478 237
3183 85
1267 141
7084 41
7659 41
7006 222
5909 81
406 220
5153 163
7457 81
7631 164
3989 81
5642 219
6288 235
2871 18
1423 139
238 172
7279 231
9872 81
3099 133
6917 163
6501 173
5551 240
7485 41
1692 173
2802 163
8102 157
165 81
7642 247
7318 18
8562 4
3881 0
4713 21
1332 41
9522 184
1752 81
3195 128
3819 163
2634 24
4541 235
9145 65
7104 81
2080 5
5479 81
8545 98
1014 241
1433 198
4810 204
3289 21
8279 106
1734 41
7770 41
9525 59
9196 222
5653 3
855 85
5194 81
9523 23
1044 1
6338 198
7802 224
1790 81
6567 224
530 81
9547 204
559 60
1751 220
9236 21
4043 81
3074 85
8665 100
4969 220
2204 57
9507 206
226 81
8116 49
8073 18
1620 237
6292 219
2608 106
4245 81
8288 224
6480 41
5797 1
4564 156
2674 57
4765 24
4974 81
4631 81
7595 24
767 235
8446 123
4067 58
2092 18
7555 203
23 1
1963 81
9468 222
8867 148
3556 241
5799 123
7569 34
6179 123
8200 81
153 172
4958 118
6671 1
7619 197
1372 163
5374 172
5783 163
9135 133
8364 57
6320 23
1441 188
3286 222
2045 163
9811 58
3936 224
1652 18
8779 163
6946 164
9055 58
7316 106
9613 81
8754 29
5796 222
3698 73
9505 44
862 3
5015 4
3361 81
1472 81
5446 3
9833 106
9896 1
897 118
1563 81
250 81
2628 41
3420 58
9558 81
1335 73
9605 81
6465 81
2754 81
5507 148
383 211
132 211
237 81
9046 240
8776 18
5592 157
1479 164
4772 198
24 106
4277 23
7210 176
9920 148
641 206
9349 231
120 81
6328 231
5717 118
3892 163
3217 41
2555 85
816 0
1556 244
2118 57
616 39
5280 1
1410 104
5744 151
1304 7
3224 41
7180 81
6095 203
4600 81
8800 73
1874 118
3718 106
7585 139
8109 198
4497 7
1317 7
7497 73
9036 163
8328 81
9361 163
4596 58
6102 81
9517 157
3385 230
1019 148
7811 81
5294 240
4811 81
774 1
183 81
2209 118
2216 81
6776 21
9785 123
3815 81
3651 114
251 81
7142 81
9394 206
1154 81
283 81
9681 36
6580 81
4821 81
6106 123
404 81
757 81
4993 235
9285 139
4128 206
2295 58
245 98
901 81
7369 34
2240 204
9037 4
9021 34
3679 24
3355 163
7745 81
861 196
3354 106
8797 185
6348 26
9087 81
7970 164
4083 91
4597 204
3255 1
5207 20
5737 44
2416 163
8938 81
1481 81
8948 148
4655 172
6317 21
879 42
4060 164
7022 34
5129 21
9454 69
5923 223
1096 210
5753 7
4614 98
7597 81
3314 133
5009 24
4285 244
9466 23
8376 89
9546 58
9807 163
8301 57
9412 190
8018 81
2598 57
8103 106
7176 57
6393 81
8282 148
4932 81
8935 23
847 34
57 7
6346 81
3580 236
213 23
2072 73
9666 41
8678 210
3394 219
4515 81
1707 148
8216 222
5262 44
2984 49
219 94
3799 81
6263 224
9783 3
6910 163
5877 163
8056 81
8862 123
5888 163
1342 41
8833 222
8879 21
8194 41
6282 222
5193 81
8869 81
9780 81
9543 81
8888 98
297 81
871 203
3633 185
3370 58
2837 244
2244 81
8845 187
6192 123
3315 7
1662 206
7100 224
1374 41
6836 81
4169 247
2476 18
8854 65
1612 73
2699 244
285 23
3766 235
7831 198
5290 148
2103 224
4819 44
2572 58
7919 23
7921 243
7701 81
2769 163
6898 222
3114 85
6497 23
6713 206
9802 58
6839 196
157 73
4379 163
4797 81
2039 18
9648 23
8397 81
4717 25
3632 235
4129 190
3860 81
842 98
9946 206
4075 163
5914 163
1669 133
4355 81
471 85
7826 203
2883 81
889 106
2537 163
714 148
2814 85
6516 34
1313 81
6787 157
773 163
5098 73
3346 224
1848 81
80 118
1062 81
2573 118
2643 7
3365 23
252 44
247 7
674 196
6492 81
3274 123
6168 236
7951 81
4869 1
3447 203
3542 106
1758 42
8332 123
5772 81
6982 118
5649 59
4690 81
7109 206
5645 4
5749 58
8249 188
9423 21
6073 41
6038 203
5350 24
4603 164
1526 199
9166 38
5478 197
5566 53
4102 0
3347 206
6737 164
1282 18
2591 203
7675 34
8204 139
4594 23
8768 224
5757 192
6032 81
4388 241
8387 204
6543 32
2965 133
7785 139
3136 210
8920 210
4046 163
479 206
4107 118
7132 157
186 81
5915 81
3697 34
2307 204
1338 1
2762 222
7284 198
8572 81
1670 240
4280 41
5811 244
5166 203
9262 3
7783 58
5813 81
2661 81
2935 133
2960 1
7635 44
786 81
8860 163
1349 81
8329 34
3498 7
2159 203
4752 106
6392 219
4940 163
7194 173
2326 176
2404 81
9491 106
5399 98
4671 81
2835 106
8000 81
7353 157
5895 23
3340 81
7190 224
2722 21
5112 58
6762 206
1519 3
8334 197
3532 24
1398 148
2287 189
5074 230
3553 157
2805 23
126 58
2421 112
9371 231
4257 34
2932 4
9018 23
7368 222
4050 81
6420 123
6979 36
299 176
1384 81
8939 243
1761 230
6502 244
999 81
9691 7
1430 58
7117 128
7709 81
7547 1
4967 235
5495 164
3923 25
7708 133
6995 204
168 3
2082 26
225 85
2876 18
2019 106
6925 106
8475 81
886 81
8189 163
2094 163
783 123
7976 244
7834 164
1457 224
2049 44
6132 106
8758 157
2081 1
94 231
6262 85
693 163
221 98
9947 231
8638 81
7649 192
8857 34
2140 1
453 57
3917 157
5107 58
5745 1
685 237
6974 81
798 118
6334 44
8655 188
3518 163
8304 81
1703 4
8184 118
7754 58
9718 241
6720 4
4078 57
3924 106
4572 178
8559 243
2617 188
5306 81
780 41
1045 81
9891 4
920 42
2927 81
6631 1
4977 243
947 32
768 156
5184 0
5774 206
1389 157
3352 23
7728 163
8877 118
5142 32
8188 222
1549 139
5826 247
4552 33
1800 206
9044 148
7493 3
3738 123
7039 118
3253 188
7072 1
5743 176
3100 104
940 81
6387 118
4678 133
946 81
5114 163
2090 81
8780 106
4863 133
7726 236
2698 81
6109 243
4502 85
9495 141
1820 240
2917 3
4732 85
6463 41
3627 157
9965 7
9506 225
9373 58
4268 81
4320 178
7931 163
1693 198
3103 81
2232 206
3561 203
7398 163
3440 81
2864 222
403 141
3734 85
3645 106
4454 163
512 243
7298 163
1729 206
4126 206
9362 81
4876 172
9051 163
9241 123
2196 8
8347 178
8703 106
3589 81
2137 81
4141 81
187 219
1815 81
2172 81
6495 81
5209 81
6519 224
7637 123
2129 203
1488 81
2781 106
2596 224
9015 133
352 123
5666 81
919 21
5459 34
1945 231
7798 24
2808 240
7544 73
2449 224
1463 81
9548 81
9023 206
9467 81
3902 81
9223 244
7596 148
4339 57
8245 106
3598 163
2700 26
2351 206
2993 188
5503 206
7134 81
4566 65
155 151
9061 133
1449 106
8285 163
8810 58
762 81
3908 163
5458 133
6307 41
6246 139
6298 244
5908 24
5840 44
2566 106
3883 118
9600 206
5447 58
959 23
7295 73
4315 38
1009 41
282 23
1366 73
1378 244
7068 36
5270 41
6988 23
1319 231
6684 237
2386 4
5719 18
9443 85
6152 222
8049 204
6986 81
7923 118
653 3
1306 3
1912 3
4522 65
7200 81
7437 3
9446 172
4418 133
3260 156
3895 3
8273 81
7683 91
5137 198
2760 81
99 23
9043 79
2747 163
3456 106
684 157
1684 1
5760 224
1447 98
677 81
6994 219
6999 81
4286 128
3541 133
3940 1
1061 81
3769 178
8902 0
9080 81
9298 81
244 23
883 244
5359 81
7881 123
4593 6
2122 231
5634 125
4177 244
1723 224
9227 36
8964 222
204 81
3496 81
2656 157
5911 81
3066 148
7736 81
2252 123
8552 81
9119 118
2364 118
4520 81
9731 58
7459 222
9717 188
8386 206
2113 163
3442 151
2077 163
4209 81
2691 73
8372 106
620 176
8460 206
7013 26
5250 133
1474 196
9472 85
957 81
2986 24
7536 65
2969 106
6443 81
7848 7
9313 163
980 81
5480 41
2829 41
8974 139
2827 163
8400 3
5375 148
8884 244
2173 31
5292 231
2492 18
5252 198
9565 204
3093 163
3266 81
7144 58
5390 188
6409 219
1988 123
2552 224
7327 81
5309 156
3501 148
4158 148
7762 5
6796 81
923 81
6591 18
5545 27
1537 81
915 157
852 81
8990 81
876 157
567 247
4087 24
1589 98
429 1
2992 244
9204 24
4480 123
5332 188
8311 157
6521 42
7669 81
5422 23
5284 41
397 23
6817 192
9244 81
4119 23
1524 23
6447 23
7065 26
4683 23
7686 23
943 81
4727 81
7715 81
9208 157
9584 224
3928 231
2004 123
1484 23
1619 81
230 81
5918 81
4059 224
4792 23
4123 34
6027 224
9289 123
1666 81
6332 123
3610 81
1551 133
7098 81
2041 1
3977 58
5887 203
6459 81
4687 81
313 81
351 81
5931 164
2302 164
5229 164
2171 164
3507 7
6023 163
198 241
4813 224
386 188
2245 81
2714 244
8718 163
6453 59
9712 81
5263 118
8465 81
9106 81
305 81
2058 206
4072 81
5244 81
7113 1
9625 172
8991 41
3386 81
1005 41
5304 81
1554 81
8380 1
2100 206
8369 85
9243 36
2112 133
7155 81
2149 81
7181 192
2128 199
4134 42
233 36
5240 85
5247 81
1486 231
9664 7
9738 23
2670 98
2446 1
4648 178
1015 244
3790 41
9114 81
7916 23
9029 81
1633 244
3283 128
9982 163
5440 205
5864 81
2153 163
613 163
9535 224
772 235
3717 123
5344 81
6160 163
6855 24
4296 209
1255 2
6998 81
7234 163
9941 236
6597 98
4532 0
7428 81
7178 79
8005 157
6151 133
4111 81
9171 8
2753 7
2457 163
3084 34
7122 104
7774 23
4841 164
3041 18
4382 206
5535 106
367 163
7110 26
4270 85
2134 4
254 148
6607 106
9351 163
4222 81
936 247
5601 206
9305 206
765 34
7056 81
941 81
1604 81
9769 206
924 224
7288 81
8713 1
4221 0
9862 26
5894 164
5548 81
8124 81
9598 139
5338 81
6730 133
6074 81
3690 81
7911 128
3791 24
6080 133
4857 188
6549 224
9637 118
138 81
9737 3
1046 7
4041 133
6653 0
223 163
4300 21
1082 222
749 81
1305 54
8190 196
8947 1
6268 41
2050 118
6426 133
2197 81
4718 81
7926 157
6675 81
192 163
9035 222
8258 190
2668 192
6934 235
2687 224
4652 81
4436 164
276 118
7568 106
5752 106
8644 204
7054 81
6666 81
7790 81
1007 81
7071 42
9770 123
7495 58
6822 81
8489 133
8809 163
8933 118
4657 133
3912 164
2514 157
651 81
8101 139
6876 224
202 81
6509 81
4554 106
910 133
5286 148
7605 157
9593 118
1523 204
4413 81
1925 247
9734 29
1586 196
7454 118
4621 81
5301 3
4472 156
6197 81
275 206
7017 41
4170 157
8561 133
7118 1
7352 133
8900 244
1427 244
7199 34
6759 65
7621 81
6874 206
6374 6
6007 185
3478 164
7643 231
2819 81
2594 81
9629 21
4117 57
5515 81
9581 164
9615 98
6293 222
9045 91
8356 222
8914 81
4346 21
3312 133
8795 204
4373 118
9708 81
4411 236
7664 73
6134 244
5785 237
2679 163
2040 81
3543 163
6345 21
6142 81
970 197
2589 81
2832 81
8234 163
1521 81
2469 206
8254 143
5524 98
1992 120
7918 157
188 66
5191 104
456 210
8496 23
7852 157
952 222
6897 118
7038 58
44 236
4509 206
6940 237
7553 38
5874 224
9838 247
6871 243
4500 196
2664 203
9096 81
6954 81
9888 41
5862 18
1572 118
5453 81
1118 106
3278 224
4634 98
4586 23
8259 206
8196 81
1187 81
8654 198
6952 66
4896 163
3904 81
1594 123
4806 240
8479 176
217 42
2744 81
7243 244
8071 24
6774 73
6538 157
2949 141
3721 81
9030 148
180 220
7000 81
6199 81
9906 81
3647 81
3115 237
8081 18
5300 141
4116 81
2365 192
900 81
9348 44
3026 81
7740 34
2749 192
8630 148
9358 81
9890 23
9069 65
818 65
5378 132
3451 4
5618 24
4883 128
6077 133
3722 81
7732 23
9274 133
2401 163
7520 18
3754 65
4484 163
2034 81
1424 118
679 163
6949 81
5328 42
2872 23
2696 235
5090 1
3251 168
9892 81
7656 205
778 31
3508 163
7034 21
2530 163
8017 196
6079 116
1518 3
6347 58
3861 206
1812 196
2274 81
8407 163
4760 106
1941 49
1348 163
3900 184
5474 206
6973 21
5296 41
5192 81
1964 85
8855 163
6846 148
4278 81
1920 32
8232 118
3275 58
2995 106
1167 91
7420 81
2420 7
182 123
793 91
6454 163
6162 23
8469 1
303 57
2422 1
833 81
4035 23
5543 81
3992 58
2253 157
4700 163
1144 237
6060 81
2234 81
2187 198
4426 148
5715 24
6131 244
4529 163
5897 57
9118 81
8181 163
539 118
8344 200
7483 85
2439 141
151 235
412 81
1515 34
2559 139
9936 29
9590 157
1805 164
9413 58
4505 224
2524 206
9032 41
8905 157
6939 203
7630 184
724 81
1033 219
3913 81
9538 198
6652 41
144 16
675 73
9503 55
4000 188
4548 237
840 3
6210 248
8909 118
1371 157
4837 81
5892 23
2278 244
4992 244
97 7
3065 106
9583 81
7169 163
721 143
7864 41
33 44
2076 1
9658 1
3455 231
4844 157
7338 139
6385 81
1370 244
6970 222
3973 81
3955 23
5815 237
6001 65
9948 21
8274 21
893 81
5223 81
2012 81
4314 81
3706 176
3850 235
70 235
3169 34
8024 231
2363 118
7042 98
3297 224
7707 81
7131 81
222 222
1875 24
6397 37
7666 139
7515 1
3378 224
9321 4
799 58
6967 210
7846 123
1720 205
8456 81
1724 123
3359 224
6253 26
4496 59
8893 206
7680 32
5934 133
809 66
4240 81
6648 81
1712 173
5829 81
1896 243
1397 133
4461 164
7915 73
8856 85
7769 123
333 157
3310 156
6975 81
4875 157
9940 73
1581 145
5527 3
824 125
3441 204
7252 81
932 21
7499 28
3076 3
8554 18
4330 23
9527 157
3207 222
5482 157
3040 81
596 81
8632 223
5631 244
7971 106
7129 81
6280 98
8753 164
665 157
7650 81
6877 85
8565 0
877 240
8270 41
2210 98
921 188
3634 81
2983 57
4551 222
671 198
7592 157
6622 163
135 133
3357 3
4999 188
5491 23
3005 24
45 235
3959 157
6991 192
4058 0
1476 163
2225 81
5039 7
4354 81
8668 224
1100 205
4679 81
6425 247
3165 81
9750 49
1702 81
8516 157
8936 81
2901 235
4253 119
7698 81
627 220
1493 244
3922 163
5464 156
600 220
6914 56
9065 81
9338 30
2043 79
4751 46
723 58
4619 203
9898 81
9983 188
2311 81
5327 244
1464 128
3244 163
7684 81
385 235
246 4
5419 85
3381 203
9159 81
1205 81
815 157
8401 32
6025 198
2193 24
5255 198
9631 231
9230 81
3362 185
9226 176
5857 85
2397 123
4731 139
7410 204
6438 81
7757 231
5866 247
2464 23
4757 18
6416 81
5476 18
3801 133
3780 65
6084 81
5433 44
5638 163
9214 81
38 54
3603 204
8696 5
3800 65
1210 190
1260 5
7810 81
2299 81
7386 178
9686 196
5358 106
811 81
4364 234
5205 81
3568 81
4062 18
5812 118
5000 0
2267 81
5973 81
3631 81
7401 81
339 21
5348 148
1232 156
8070 163
4945 163
7936 163
5490 23
2784 81
2087 41
9465 123
1190 206
7748 190
2662 81
7263 81
2952 57
6485 81
3128 231
9852 148
6930 188
5825 23
4737 231
4310 247
2052 210
5615 18
2881 34
2178 23
829 81
3597 133
6610 163
1744 133
3752 244
4720 81
810 106
3522 81
2282 224
3454 26
6590 163
9646 23
1516 81
6436 209
4800 81
7348 23
227 24
524 203
9812 23
9232 24
5199 148
5936 211
3812 24
6658 163
5529 164
6116 163
9060 188
2254 91
5981 164
4331 123
7779 81
7896 7
7888 58
7287 81
7060 247
9711 235
5808 163
5580 224
3419 133
2635 203
5384 211
5365 141
1673 203
5256 21
3339 157
2842 81
3996 163
3778 235
2170 41
4226 118
7874 219
7218 204
4887 164
5326 23
2442 7
2651 230
6026 18
7718 163
764 231
3982 157
4498 118
6203 210
6205 141
5787 41
5623 157
7963 139
3521 34
3383 220
7627 24
1151 41
2641 91
1025 18
2756 235
6000 24
6555 148
7793 206
9722 133
558 148
5868 23
382 244
8447 0
7055 81
2357 244
2086 231
9027 164
6680 244
9715 32
5253 23
5278 57
1375 203
8987 118
2402 81
4088 244
5739 23
2778 231
2192 231
935 98
1445 81
890 204
8989 247
7646 210
5996 197
2293 198
5030 231
3749 204
8241 209
7880 163
2142 133
2166 244
6835 133
4269 139
216 44
763 168
4055 23
4322 244
1467 210
6457 210
87 248
8055 41
6844 58
6154 106
560 206
7383 204
136 57
6174 41
9594 176
8619 163
3254 205
4412 118
3427 89
1698 206
6128 206
4848 81
1766 151
2373 133
9009 206
2377 21
1727 66
1683 81
9793 81
594 133
9245 98
7780 81
7341 231
9083 164
4747 185
9622 81
7786 206
9012 222
9038 29
9381 9
9383 133
6754 81
1081 184
1862 203
5298 81
8014 81
4990 81
5917 157
8499 203
6415 81
1080 244
8918 0
2811 192
2390 206
8601 237
8031 164
2723 220
2860 22
9841 81
8636 210
7900 36
8806 81
617 21
4470 241
8677 32
9826 81
372 188
7010 37
7517 81
3226 118
8931 235
6366 41
53 81
4471 106
5116 163
4309 58
4398 98
9884 81
4351 81
4438 148
3465 7
6616 98
1739 148
4395 141
8410 106
6150 23
5251 4
9830 123
8076 4
7738 34
6036 86
4291 58
8548 81
1028 81
7741 81
1063 7
1115 81
6697 237
1777 57
5405 81
6772 58
4057 81
7171 185
462 41
998 163
145 104
8934 98
5553 128
7388 65
398 23
308 139
9378 81
2721 23
6577 197
152 244
6227 81
7222 196
9904 118
8739 19
8348 81
1393 118
1276 0
4112 81
4744 107
3477 81
8897 163
426 244
6362 81
4909 81
3606 178
4912 29
3213 106
2985 59
3243 157
7507 73
7079 148
6239 34
394 163
3552 41
4978 204
9247 34
1631 206
8140 18
9533 205
2428 81
2981 241
2773 244
6620 244
2743 157
5201 157
4389 41
2533 206
2719 211
9599 224
3363 23
447 231
6045 81
9498 157
8910 81
8107 81
3476 0
2970 123
5784 204
4763 133
1957 81
9056 198
6101 73
601 247
8322 57
2706 81
699 26
2584 59
5010 243
2620 81
2055 244
8406 4
175 24
3263 164
2110 222
766 224
3888 231
1746 34
2273 188
8117 65
1228 125
9860 190
9856 73
8584 7
9360 172
1138 60
1242 85
3457 231
1133 244
7160 222
8371 106
5927 18
7051 123
2051 118
2636 163
8315 81
1399 203
6528 24
1676 157
2858 81
9641 81
7624 164
1642 148
1783 81
614 57
5903 163
5302 4
7149 81
9224 188
1763 26
425 198
3248 163
5823 81
5289 139
2298 0
2803 224
2341 224
3490 123
2353 184
917 184
1442 231
2323 118
8019 141
1503 219
6804 184
7361 184
4479 184
4345 184
1784 184
9774 81
6477 23
6550 81
9632 34
8257 231
306 157
9251 163
2602 26
5061 235
9934 58
7797 81
3338 73
9782 243
8490 139
6626 81
4673 65
8052 139
176 206
4019 235
4706 123
6750 222
5155 133
4486 49
3817 168
1591 4
972 44
9252 163
6539 197
9609 81
6608 81
3539 81
2938 81
7735 164
199 157
6857 141
1709 244
7337 106
5834 41
5226 224
5457 3
8837 58
214 81
9509 0
6087 187
9151 81
700 168
2777 36
7706 81
3122 41
439 81
1208 198
1654 163
4218 81
4402 3
5667 176
2789 157
7891 163
3134 7
3071 81
8461 178
9434 24
717 81
1404 123
1818 164
4838 23
6215 81
1614 231
5854 81
4254 32
1575 163
9571 224
1649 206
6908 85
8629 163
7562 34
5211 244
4455 41
4846 23
8193 157
922 58
5412 178
2900 197
4085 44
1041 224
3564 57
265 244
3072 18
948 59
4814 243
3489 81
2913 163
2619 4
2894 58
5401 57
6883 73
9376 191
8462 23
5513 32
2366 224
2551 133
7466 18
1909 85
4780 199
290 34
6076 118
7075 57
6482 81
9803 81
6022 217
2866 141
6481 18
7140 81
5186 163
1071 206
335 34
9237 34
3802 230
6316 164
9834 81
7413 81
8524 81
6783 118
1791 21
9913 44
9914 65
4099 65
2788 188
7221 60
3036 81
2877 42
4640 188
1511 133
2305 198
4714 24
8708 24
820 172
6075 198
4282 24
4069 192
3475 26
3566 21
7303 196
7935 81
7135 81
2765 244
7093 81
3473 151
739 81
4834 139
6365 23
1487 23
1507 81
7833 81
1665 235
1235 81
7850 148
5455 58
7645 123
2897 24
6019 157
5406 23
2680 222
1728 1
4828 139
2015 188
2945 106
3972 106
1129 139
1226 81
3291 176
8092 244
5605 60
8687 60
5018 4
7964 231
687 199
7438 44
6812 98
3751 98
3744 86
5020 86
8694 81
6182 0
6813 81
5625 81
9006 41
1813 60
5907 151
1197 26
9893 98
6592 123
8843 206
5049 103
3135 103
158 156
6301 81
6181 65
9197 204
1052 81
7027 23
3380 156
2126 151
6646 118
9874 81
7391 133
4013 66
9014 81
6376 43
6105 79
1388 81
2006 81
8782 172
5776 23
863 24
8151 157
5377 85
1396 164
7146 81
1363 7
7474 81
8321 123
3067 163
4317 244
3285 203
8227 157
2978 41
9136 81
8585 151
8430 148
492 106
1498 81
5402 31
8168 204
3373 3
9680 198
904 81
2075 123
2073 81
7752 81
6657 244
6118 205
9068 163
1500 18
324 222
6602 81
4077 176
838 244
6961 118
4033 7
8253 216
6330 198
7662 7
8571 196
5806 20
6694 81
2026 81
7231 224
302 133
7832 139
7946 81
9372 240
7081 224
4733 244
5310 36
9384 23
6088 45
4228 163
7148 163
9115 98
5357 123
6566 81
4299 148
2681 23
7310 241
7237 224
1217 160
4729 244
9743 163
9639 231
9685 12
466 81
2437 23
9918 128
7212 163
590 34
5133 23
1882 7
9850 81
9883 247
8969 81
8377 81
2857 42
2999 58
2950 231
8086 41
378 41
4195 0
9324 4
354 65
8583 81
9776 81
1828 18
7712 104
2843 1
9017 120
3994 0
2247 148
5855 81
5498 139
5912 224
4809 70
9903 118
4758 231
5569 81
7229 163
1846 81
6965 41
7670 81
2458 85
445 199
549 5
1106 163
7414 60
9291 199
6536 79
6780 157
9916 157
4796 91
8051 163
1221 25
4942 60
3719 237
5254 81
8667 5
3786 243
4076 188
6632 211
2936 81
6490 78
8886 81
2303 178
3648 81
7343 81
4741 157
7186 157
5185 118
7092 73
4359 178
363 1
7240 230
7253 41
5609 42
3017 24
8999 1
3726 69
211 204
4284 81
3161 169
2032 204
1367 133
956 133
9899 123
2752 133
2685 98
2369 44
7682 210
1446 164
1222 81
570 44
1995 219
5361 81
1531 98
8338 133
7363 240
5899 185
6235 57
83 18
8012 209
7943 81
8578 23
7992 23
821 192
9578 224
954 106
4174 81
2710 81
7102 206
1177 54
1075 21
2182 24
8020 222
5598 164
5320 240
9649 188
2367 157
8267 81
3265 206
8868 106
5220 24
802 24
1989 157
630 178
7504 118
4318 196
3294 81
6723 7
2452 54
9559 81
3488 7
9704 57
5944 224
4086 106
2825 133
253 1
5994 192
1557 81
9070 187
1024 65
6050 81
807 21
2190 23
1032 247
7816 133
925 222
8546 81
402 7
939 60
5354 18
9309 81
7029 151
7099 81
2874 57
2640 98
2745 7
4335 222
1560 1
6183 7
319 81
3241 24
3735 18
3567 81
2924 1
2023 24
408 200
5093 206
4595 23
4986 86
2289 244
2630 163
2585 148
9570 231
9767 231
1960 85
4662 81
5984 184
623 133
2085 58
2415 157
2410 148
7448 81
5952 81
4885 206
1678 120
2249 173
5472 203
6494 81
1607 198
7934 81
7841 198
9482 133
2084 156
9618 172
6422 139
112 44
6623 247
4616 81
7688 106
9319 217
7030 185
7623 197
8404 49
9657 98
2757 106
2692 163
3777 85
8802 206
4589 58
3903 197
3384 81
595 237
9174 21
1584 198
1036 210
9240 192
2478 4
2132 81
975 81
9919 57
3486 4
7255 188
4761 176
7043 148
775 240
4133 81
3037 235
9167 163
5875 224
4916 18
1136 163
6451 173
4110 157
7747 224
7835 222
1725 58
2035 247
8997 198
2158 18
3343 133
2758 21
2658 7
5780 41
9596 244
6522 203
2395 133
3544 3
5108 209
6911 125
3028 231
2957 58
1974 0
9909 23
5190 244
6692 1
1194 210
431 44
7226 198
5501 244
2873 192
3660 81
2372 1
1810 1
8543 4
3659 23
8598 196
468 141
2342 41
6643 192
3364 85
7314 157
248 133
3891 26
3560 7
2309 41
6122 85
5370 41
5436 41
9199 7
499 98
7743 98
4109 164
2483 66
2627 192
6410 44
201 185
9001 1
8427 44
7207 133
2160 163
3629 157
9813 20
1868 69
104 1
7800 8
8952 164
4685 4
4199 7
2804 244
1600 197
1475 163
2111 23
857 157
987 207
6401 81
2495 65
7465 164
8047 197
9839 178
5628 57
7355 41
9028 86
3482 57
6968 209
4639 0
2737 98
91 44
7588 203
574 81
8791 106
2657 18
3432 4
5890 91
8660 18
3398 203
7460 192
1508 58
5052 209
9343 163
7622 23
432 209
2807 81
9126 81
9254 133
2467 41
7593 237
1029 172
9524 81
6920 235
6018 196
7552 196
7590 106
1400 98
9882 24
443 128
1598 243
1916 190
3550 41
5867 188
3654 210
309 188
6064 178
4469 0
9692 156
6599 59
9854 206
7195 206
8045 222
4021 81
6823 41
9967 23
3321 157
356 148
7399 34
3369 247
9573 163
3731 247
9828 247
9180 27
5026 164
9346 104
805 235
6220 23
9327 81
2862 81
3592 41
6031 157
4943 163
7795 1
6663 1
3007 81
3590 163
8538 0
4279 41
1111 185
5558 57
5949 178
5988 236
9257 106
8378 198
5804 216
3092 81
100 206
4935 219
2433 235
6867 163
3655 41
8658 173
9937 59
1497 81
6564 188
179 148
2550 244
1927 168
3221 81
3229 163
4686 41
6232 98
848 81
5489 81
85 58
1998 206
9529 85
5275 36
1409 145
3250 216
5843 203
4016 157
8666 57
7546 224
9379 21
3353 203
5893 104
9476 23
7304 243
4702 222
4241 81
933 81
5331 243
4259 148
2836 24
4874 163
2343 4
4215 244
8494 28
7761 222
7259 220
4124 123
1258 81
6057 1
4208 81
8366 240
1485 206
7446 134
8697 236
1740 81
266 178
4312 23
7408 106
1705 148
5281 123
2154 244
396 219
9696 219
6378 41
1064 206
3062 24
8048 4
3396 4
4181 164
3531 151
2845 118
8858 123
1240 49
828 34
3663 81
2671 81
3947 81
6886 222
6945 229
4036 18
8112 24
2892 163
3594 148
6825 157
2376 98
2018 235
9760 81
5362 185
9643 235
4961 203
2956 203
2310 81
4870 163
475 148
8057 203
5325 118
5287 118
1117 106
1037 1
7948 20
9271 203
5830 203
982 25
9557 133
5690 141
8009 163
525 81
7857 81
8985 44
8448 133
9064 0
1639 133
2374 148
5606 4
2893 81
1053 206
7710 139
8518 7
9435 157
7442 1
9019 7
4891 81
2748 44
7687 69
6336 41
5451 24
8355 31
8362 4
9755 163
7233 219
8431 59
3491 69
8512 23
9766 219
1644 25
7291 38
7250 172
4271 81
2257 163
8359 0
2378 81
208 24
2408 57
6373 211
4659 44
5131 198
942 81
5789 32
9190 81
1039 81
4201 148
3088 206
1609 244
4091 44
2790 81
2115 81
5468 223
4463 81
6006 157
7872 235
9297 6
4824 204
2599 3
421 91
5012 235
7162 184
4964 156
4246 81
7095 81
9141 133
4778 4
3391 81
8542 148
9103 118
612 24
4155 236
3025 163
409 125
8385 118
7289 204
7244 81
7883 57
7335 133
4127 188
2923 204
7183 210
878 164
1438 81
694 65
5693 58
1490 12
7535 203
360 205
1534 118
7651 89
6832 118
9616 203
5948 58
1663 81
9880 57
7910 244
8898 81
8411 85
4152 81
8899 224
2454 3
286 81
7403 163
295 81
9175 133
4071 244
5168 143
7690 222
7074 163
9866 209
8016 54
2520 5
4160 57
3101 81
7274 23
7004 81
9139 244
6369 21
2430 81
4414 148
3517 21
4074 222
6478 148
5307 42
7085 231
3012 81
8010 219
5754 224
2501 21
5404 57
591 163
5481 164
2371 148
9761 31
4224 244
4032 133
5212 81
1163 222
6565 23
5961 23
9754 81
2856 106
488 157
304 203
9574 157
2875 244
7256 18
4750 192
8365 5
1239 204
6606 81
4830 38
4175 172
249 1
6040 38
3962 21
8455 203
5549 81
7426 41
3711 81
2853 237
1215 156
8881 57
1629 197
974 156
8842 23
9328 81
3301 18
160 157
8391 81
2783 24
375 118
3422 1
4384 65
9672 4
4165 30
369 85
7175 21
3246 81
3618 23
7987 163
300 203
7158 240
7317 139
46 7
6830 1
4427 163
6964 163
741 21
7838 157
6460 49
8569 148
3525 197
8488 37
5607 204
6429 163
1076 81
6091 163
3081 128
6688 81
3064 81
5462 81
1434 1
870 1
7980 1
2318 81
887 0
7759 244
4976 224
4937 98
294 1
3480 81
1547 1
5260 163
3616 128
1711 26
9902 98
5195 81
5392 210
1841 81
5001 81
9670 172
4528 163
9256 81
4353 81
2929 206
4329 81
7776 35
4443 18
5655 128
5057 81
1246 81
6740 18
8126 112
632 81
8737 33
2739 231
6469 81
8312 123
7892 190
546 4
8343 231
7455 231
6612 81
2301 98
1020 163
4108 204
9798 57
6691 18
4383 206
8405 148
7138 85
224 203
2849 231
7192 206
6043 81
734 23
5215 18
8701 3
8167 222
7803 58
7873 236
7796 28
48 172
1771 81
1651 81
3593 81
3601 171
9163 50
2741 178
2972 199
9152 157
3635 203
6993 41
9580 41
9202 85
4755 156
5369 151
6049 156
8615 81
804 163
8472 81
4009 163
6113 24
9592 204
845 106
2297 204
2705 148
5045 222
1074 7
3453 81
2645 206
2079 243
4670 81
2730 7
3153 133
8477 192
7223 163
6541 157
3409 81
8042 201
451 81
4892 58
6498 231
4669 139
4136 204
977 41
9123 66
9659 163
2065 163
232 244
6044 106
1691 81
8603 18
5925 156
114 58
4130 199
4424 199
9673 244
8714 81
6417 244
6722 197
193 23
2797 81
1525 1
5560 133
5763 148
785 156
9048 34
2688 23
5953 81
6712 1
6078 81
9323 139
6760 244
6747 23
8706 26
2237 133
5564 23
3887 85
4476 133
8560 185
7473 244
449 44
5586 81
1576 219
427 224
8291 30
2768 18
5257 163
5794 81
9335 244
6424 244
1116 244
8586 123
9034 148
3277 81
7925 240
1979 178
4768 199
6624 81
8097 23
6801 243
1191 163
565 224
7667 163
611 81
9544 206
3130 81
1851 81
3712 57
4882 244
4197 29
9380 57
2033 66
6525 118
597 248
7125 163
6207 21
172 206
789 183
5003 81
880 206
7763 133
8452 173
779 164
207 123
1407 1
7972 4
4068 0
5660 57
2813 23
2673 41
8096 34
6450 163
8940 58
8988 222
1010 81
7189 81
4396 81
6803 210
2108 57
212 133
3604 244
3011 81
5213 106
4704 57
2008 148
1126 210
2728 1
9638 157
9796 81
7894 81
866 106
5011 224
3707 81
1588 71
1647 41
2447 106
2637 197
9510 211
6850 44
1244 145
8011 178
5269 237
3811 141
8044 164
4474 81
9370 198
6240 38
5773 206
2221 23
6613 23
2101 34
8550 241
8551 34
326 81
9801 244
4775 133
2406 222
9746 148
8041 196
3710 34
7877 241
4693 34
6573 44
3437 188
4499 89
520 81
5946 49
3172 41
800 31
9178 81
3259 24
5999 81
1387 24
9207 81
7853 187
606 7
6640 157
1189 157
4308 81
9127 81
9619 157
4915 224
3415 222
2256 139
9143 81
2174 244
3085 206
3600 139
7914 163
7824 4
3836 18
704 176
9133 235
8283 23
3151 3
6714 81
4647 163
5567 204
9972 81
6092 164
5883 81
7278 81
1858 244
9169 81
291 81
6811 224
8567 222
6627 60
242 163
5347 236
8840 198
2919 163
8425 139
2500 185
8354 163
4931 157
5885 125
5271 222
6119 133
1243 139
2502 81
5178 157
4142 36
8134 209
3784 58
511 222
1528 3
7415 81
8248 85
2605 163
2321 18
2093 222
8597 133
2697 244
2048 57
2143 98
1773 81
9640 81
3585 133
9039 81
9663 0
4063 81
2163 106
9762 164
4949 163
930 81
4344 58
9779 81
6228 148
8128 244
1564 118
9172 244
2787 133
3495 210
6093 57
6359 98
1455 41
7808 244
5319 58
59 0
5523 81
7703 65
9318 81
493 81
6399 42
8083 163
4465 65
2333 164
1131 188
1001 175
3563 79
8444 79
457 81
4985 79
8664 81
6159 57
8023 79
6717 60
8034 164
8707 118
8501 163
5210 41
3094 163
3636 196
3445 21
3775 199
7360 157
9952 81
5054 200
3584 198
4324 81
2383 24
750 231
1219 57
7157 163
5578 23
1853 163
301 81
4200 163
7156 65
2472 237
5449 98
9677 118
8139 235
6786 81
9756 157
1978 91
4047 3
8383 163
7862 98
1520 81
5345 0
3148 81
2431 192
5308 172
5234 24
7981 81
618 222
874 81
2839 23
346 23
5928 163
4371 157
63 163
8352 23
3366 164
5916 210
1495 244
7714 18
9676 81
5221 23
1601 81
1405 123
3919 224
985 198
7152 163
6785 65
1776 65
973 7
3281 163
8822 235
8208 203
3245 66
2179 41
2486 18
9633 24
9475 81
1439 1
2141 205
9771 157
7308 4
1630 244
1561 88
5891 7
4817 1
1592 23
203 81
1685 27
9753 4
4202 192
776 23
1229 23
1254 198
5828 224
2732 163
5658 34
5266 139
825 236
2024 163
9701 118
5842 163
5902 85
5118 199
6517 21
2918 176
440 26
9714 163
6097 185
8521 141
4391 81
9277 81
9148 81
6067 26
4957 206
8403 148
9102 133
2246 148
8345 156
1730 3
8088 1
4688 206
4947 231
9954 81
9575 81
6630 34
8481 41
3126 157
9054 34
3771 81
3605 34
4856 164
392 34
2403 34
1798 34
6913 33
2156 21
3083 123
1230 203
3753 81
8574 139
2931 139
1667 21
7282 178
4210 164
2176 85
9749 163
4820 198
4895 163
4802 7
8050 0
7794 163
1192 81
9924 81
6484 81
1105 163
6123 81
6635 231
3044 24
387 198
503 139
8432 199
8043 81
6136 81
4149 123
5604 163
1164 237
4337 81
8036 81
8108 18
8064 1
2423 164
3608 203
1172 38
8059 198
3760 206
5873 160
6527 41
9957 81
8306 89
7031 20
3030 81
7239 81
8625 23
588 26
8945 66
9273 75
5265 0
1801 81
5990 24
3215 163
7015 41
5922 23
6629 163
7409 203
6202 175
2703 175
334 206
6905 104
540 120
1238 198
6020 23
6848 204
9825 204
7404 224
2230 81
3164 120
7208 128
7830 18
7309 187
5417 24
3497 1
3863 44
3390 81
8082 163
6996 58
6089 163
7616 81
9364 41
5568 240
5800 34
4230 23
9739 31
8577 236
1738 4
1710 81
3613 148
5574 81
9300 220
518 148
8596 123
7143 81
7791 163
9099 203
2738 219
395 203
3952 4
7154 18
3810 133
3464 57
2380 198
3621 163
7805 163
3013 224
2036 244
5538 81
6641 81
9259 139
7739 157
2884 81
6129 206
7373 164
1130 4
8408 81
2800 163
1060 23
7418 148
1440 81
4664 81
7374 98
3677 81
7695 206
7339 164
5835 81
1026 23
6452 123
4675 1
9549 204
3337 81
9541 41
2727 81
9877 224
3527 23
9606 41
7114 157
7722 205
8396 163
1522 244
9630 81
3059 41
2102 163
4481 123
240 163
885 41
587 58
8119 7
4103 148
1157 26
8323 8
5082 185
9074 81
329 41
7037 198
7966 164
435 18
5123 85
3410 24
8449 85
8992 172
9791 81
6609 236
5214 176
3045 41
7974 231
359 118
6024 7
1597 4
2610 244
7097 157
4148 7
5330 224
3678 81
9024 81
516 81
4482 133
7729 163
1859 58
4342 157
1781 18
9290 18
9109 23
9915 81
5005 123
1830 237
566 3
8556 198
2095 23
318 42
3120 106
1142 81
3399 34
9081 163
9818 1
2904 1
4873 1
4460 198
6523 81
988 156
4120 58
7177 156
2332 133
4911 148
9855 244
9768 1
960 206
9436 163
1618 157
5352 81
2219 57
9094 23
2583 224
5516 18
3623 31
8994 41
951 81
5165 3
7758 168
5528 139
5572 69
1241 81
3570 31
298 196
8526 81
906 220
8393 79
2818 231
9294 219
454 157
4319 81
4786 21
350 164
3674 21
8895 34
6530 235
1489 23
5238 225
4579 244
6063 128
8540 81
2226 118
9650 60
5929 81
4743 54
4644 81
3295 7
6741 58
6559 34
2799 34
4816 23
1753 23
4680 23
320 23
4938 23
314 34
916 34
1583 34
5511 34
4866 34
9220 34
3142 34
3503 231
3090 247
1483 219
9276 23
7145 81
6500 81
1733 81
868 222
3360 148
3133 81
505 76
7119 81
3139 178
269 190
6072 118
6196 81
1567 21
3376 203
3779 106
6096 81
4466 98
2933 123
9185 222
9122 1
7139 1
6642 98
8525 44
8730 1
4442 49
1570 3
9013 81
944 163
8639 163
4113 4
2779 7
3461 81
2238 222
8659 41
2300 41
8610 81
1097 236
4385 236
3471 81
551 236
494 81
7731 222
2988 163
480 123
5235 203
4715 41
2335 123
4185 123
4855 163
4198 81
3484 244
2763 4
6058 237
7606 5
2231 148
6753 204
6117 51
5483 23
2809 7
6662 163
343 163
6405 40
9088 57
8464 81
268 163
5966 3
6098 68
9772 204
8680 210
5351 163
1788 157
7939 176
7083 81
823 157
1608 57
9531 156
8414 34
8423 178
1983 7
7940 163
522 113
5102 7
2070 102
6466 151
7755 133
9742 81
1671 81
9191 163
2740 81
1160 23
4654 123
7782 133
8358 206
6761 66
2987 139
4044 18
9016 163
2489 81
8641 41
1745 42
8883 41
1675 118
2989 81
5048 81
4756 23
2138 81
8522 81
5470 81
7450 204
9154 148
9097 157
1659 151
8114 118
2350 118
1499 118
9788 163
5424 244
4734 198
3500 163
3670 196
3417 3
9912 148
4746 148
9072 145
2412 106
6508 163
3367 222
6170 69
6854 211
6546 235
1742 157
1132 206
9075 81
2189 163
9675 163
4689 81
7436 237
9116 23
9655 23
7293 23
1641 163
3533 106
4925 203
538 81
4991 185
5536 148
2466 21
5031 0
4726 139
2389 81
7315 7
4380 187
6506 156
3675 41
9784 81
4735 79
5570 23
3393 81
5239 1
348 81
541 148
514 98
8710 65
6476 27
2755 81
4242 163
5880 98
4725 81
6638 204
9614 7
264 23
3755 168
4753 98
5727 3
8998 3
9186 164
2905 93
7799 89
6158 41
5924 18
2659 57
1510 123
6474 23
5415 178
2525 209
2647 188
1646 133
2427 32
7440 81
9187 163
7381 34
2387 81
9887 247
1048 241
2958 66
9800 23
6726 81
6012 7
1760 24
1843 81
4146 118
5921 163
4805 25
6408 54
1218 157
2167 58
8428 198
2068 156
2468 247
6756 163
9910 203
3001 23
4205 231
4858 85
414 81
1743 81
147 1
7953 23
8426 81
6139 182
9905 210
8483 210
4180 197
5017 247
3536 15
6187 23
3683 41
5932 22
2124 163
9831 81
3626 0
7717 244
3692 224
281 222
9568 244
3397 81
7217 98
7648 31
531 133
8412 192
3325 237
1482 26
4736 123
4145 81
967 1
7213 58
2097 106
7456 57
220 197
9263 163
7389 163
2998 133
8653 133
9203 133
4879 81
8060 148
7427 157
389 235
1017 81
4812 231
355 247
6396 204
6180 196
1823 81
7443 98
7671 81
8535 1
5042 163
4237 0
9182 203
2148 205
6003 18
7733 58
9635 49
6143 81
7928 3
3098 24
9901 7
4321 241
2312 23
9564 247
7658 81
7998 81
3653 211
2870 163
8440 192
1055 206
6821 219
8529 157
8537 34
2013 231
5905 81
5363 81
9979 85
6989 196
1072 98
9621 81
7238 98
7620 41
2720 209
6755 81
7807 34
9728 157
6138 156
8450 24
7866 198
9895 123
5983 178
3073 163
976 73
5978 157
5337 231
3452 206
2288 224
287 163
3945 133
8941 192
476 244
3313 118
4770 123
8290 222
7251 219
2047 42
6758 197
5846 224
8367 198
7727 23
7937 188
6456 58
6121 210
1514 192
9084 23
7962 133
4691 151
7112 197
6021 42
7582 198
2105 224
9330 81
6213 81
557 118
9108 18
9926 18
8885 81
5565 18
4997 244
2798 231
4516 123
6083 85
7167 24
8956 24
8579 139
174 163
1716 163
9634 206
6672 34
5167 157
7681 237
4139 41
4137 7
374 81
9091 157
8528 222
4295 219
523 81
6563 41
6184 81
1302 3
3145 3
8351 4
1774 23
7959 65
267 188
9938 190
5385 41
4433 8
3557 125
953 23
5342 157
3646 81
7886 23
9162 23
7201 1
5127 145
8459 104
4235 157
997 44
2409 81
1548 26
6808 190
2694 210
6706 23
6041 118
9125 231
4051 106
6356 178
3156 81
6849 178
3958 196
1414 26
2125 163
434 133
6242 237
3762 81
9853 240
2461 163
2083 123
1112 196
8511 224
9085 24
9272 4
2291 81
9705 0
7127 86
4607 26
607 59
7344 241
7105 18
9076 23
6042 34
9149 188
8859 163
9140 123
4628 188
3551 23
6473 81
733 71
2150 118
5945 98
2841 139
4022 7
5126 178
966 106
3684 188
3969 163
1253 18
843 163
7064 55
7665 244
6775 118
5376 163
9932 133
3107 123
9042 7
260 81
5746 222
6442 23
3173 32
4266 188
8975 219
3515 71
8015 163
4868 163
5861 164
1155 224
8563 160
6789 164
9697 157
2906 198
7107 163
7767 192
5315 224
4094 79
3436 1
8308 3
4965 163
9777 198
5872 81
437 7
6790 41
4850 141
4101 18
9869 206
6681 172
2889 163
3341 18
2109 224
1070 90
9355 5
3534 81
7204 86
3479 163
9134 164
4794 123
3545 70
7220 21
4227 148
8570 190
3642 81
2250 0
6571 4
2194 4
1543 188
3209 128
5860 81
4793 128
1569 0
2331 57
9052 118
8035 163
5461 243
7273 38
4872 197
4416 204
9875 18
5559 49
9221 240
7395 123
4972 65
3492 0
6574 81
4423 240
2270 172
9260 73
9653 118
1152 188
5329 123
458 188
4196 0
7949 4
5627 197
3703 187
7323 38
4327 38
5837 58
9217 84
8375 206
7632 139
9608 240
2315 139
9062 34
2155 81
8724 241
1749 163
796 23
1341 164
4341 81
3941 118
167 65
7089 58
6578 163
6086 21
3562 21
4131 244
9707 141
4464 118
2796 23
3612 4
8728 23
1616 123
6411 81
3667 81
2967 26
1700 81
6668 173
364 0
1982 220
7249 188
3458 224
9757 133
902 1
6583 133
4184 23
7219 1
6488 163
6798 224
8894 204
8617 81
8242 204
1073 81
5956 163
5941 23
2213 59
8326 216
931 81
6010 219
7187 188
9284 81
2229 237
4921 81
4973 81
5364 187
486 187
483 163
2859 10
1645 41
5033 163
8691 81
553 81
1792 157
8600 0
1173 81
4862 81
4907 157
9724 73
1719 163
9706 231
4987 152
6828 81
5396 222
2411 192
4206 81
3434 219
7209 81
2850 81
8620 81
938 222
293 4
5919 41
2477 23
4264 44
896 163
4376 188
5519 81
2633 198
4153 81
2833 18
5608 81
2939 240
5336 73
2815 163
5987 157
7766 44
9897 163
8067 32
6710 41
278 188
4849 81
5475 81
9288 237
2362 81
9601 1
1643 81
4457 164
3795 151
2496 230
9353 151
8716 151
3144 1
6511 1
9089 41
7321 197
969 23
7319 206
2340 23
4971 38
4386 151
6371 34
3538 203
7400 81
2997 164
3770 65
8599 81
3668 224
1731 163
3694 163
509 190
911 31
2025 81
3548 44
8390 163
4861 73
6598 244
2766 81
1577 81
371 247
3540 197
9864 224
8983 81
2144 237
1606 81
7202 0
2736 81
3546 206
4959 24
4739 173
1512 192
2136 123
2571 49
7863 44
9628 184
2761 157
5050 21
4723 7
5407 34
873 34
7977 104
8621 222
8959 58
7865 23
6651 4
3724 172
316 85
1582 81
5452 81
8471 81
7172 54
4106 81
3685 81
2188 95
1207 81
1769 1
1764 157
3158 128
2272 81
9764 188
3424 133
7168 188
5824 81
8482 222
7173 244
7182 106
4799 206
9354 219
5038 23
8671 91
8442 81
3351 148
6581 26
2925 133
2695 81
6561 222
9146 206
5845 18
9005 192
1794 23
5639 81
3695 81
7290 23
6499 1
4719 58
2830 57
1689 4
9908 29
1814 58
4722 164
4138 243
1094 81
7995 81
6781 81
4176 81
9100 106
2821 81
7258 58
1580 0
2816 85
928 18
7411 81
2199 65
9095 21
2381 81
6677 130
5818 163
4762 231
7216 240
3053 163
8066 237
1986 219
3757 163
6329 58
3956 85
5571 81
6771 81
6773 23
337 98
4694 98
832 98
236 1
1420 4
7271 163
5410 206
3565 66
9107 36
7994 4
8595 61
4475 81
8115 63
6107 224
6130 133
4115 231
4889 81
6487 222
6636 81
7378 231
3571 81
7989 81
4851 204
1579 7
4434 81
5997 23
6189 81
9280 224
2701 57
7163 81
2982 133
5379 23
3702 163
3535 204
3716 98
2358 81
6795 57
8497 241
6221 23
3129 204
6729 123
5044 23
9956 21
1839 81
533 151
2181 139
7236 247
2152 188
9189 104
2928 244
1065 36
1714 23
1838 133
3797 57
7858 133
4904 133
197 44
4847 192
4815 164
2975 21
1148 57
5058 21
1079 57
5059 0
331 81
274 7
4789 139
5542 18
5541 104
835 150
6432 188
958 4
2392 104
1770 104
9716 104
3127 18
4975 18
1186 18
4370 18
9698 133
6100 98
2854 44
2241 81
8434 58
6440 224
3705 192
6514 125
2649 244
2334 190
3000 81
1460 24
7818 81
6056 81
7625 21
2882 34
8470 34
2222 58
9278 81
7299 188
4262 98
156 123
6743 81
4249 81
5595 81
5876 164
5512 156
3112 156
1530 192
9249 81
6164 81
7996 47
4304 164
989 123
8536 148
6634 91
8692 164
9188 164
9025 230
7899 58
5993 81
7734 81
3905 3
2169 0
3046 123
6824 196
9322 139
5299 206
6551 207
3664 244
9301 199
2603 163
6841 224
1887 211
2236 224
7997 188
6367 133
8908 211
6805 81
5293 123
5612 176
569 81
327 81
9674 206
6190 206
2451 203
1016 157
3433 241
9817 81
315 23
3796 163
4020 81
4233 65
2060 231
9295 204
5198 219
3068 23
5630 23
9331 58
1034 65
2944 29
235 148
3980 91
6703 98
7307 148
1454 157
742 23
7101 163
8705 168
6361 133
3349 81
1656 188
5360 81
4445 81
3320 133
3293 198
4070 95
7215 81
7868 178
9386 108
9377 81
3691 244
9131 247
4358 98
6702 198
3639 23
9688 23
7359 81
7821 23
2494 81
5317 21
9326 73
6208 163
206 81
8095 81
2239 148
6090 188
4842 139
8420 81
9158 18
1021 123
5314 224
3578 123
7115 23
4754 81
984 81
9101 157
2147 32
3371 151
9669 157
3403 81
9340 133
5288 204
5477 133
884 133
1778 44
3077 81
9050 139
2644 18
5408 41
3038 118
7357 81
9970 163
3392 58
5041 81
9727 58
3382 34
7746 235
4785 206
2184 32
7691 7
4696 163
4229 23
5882 133
9105 141
2206 141
7211 41
6716 3
1170 85
8004 206
892 57
2810 21
4212 21
441 164
2255 188
7938 104
7302 62
7245 41
1768 192
5552 0
507 81
4948 81
4432 81
5554 81
3696 81
3039 81
1796 81
8688 58
9950 81
1817 81
3763 81
9917 81
544 139
3774 163
7191 188
3747 163
602 59
5782 205
1159 235
8532 98
210 231
8130 231
9848 18
4121 81
2346 148
6696 81
9219 235
6731 206
2067 157
3400 157
7742 41
6135 203
7699 23
2417 231
8003 1
9881 81
9157 200
9242 249
8062 23
521 230
3505 197
575 81
7773 190
534 42
7198 184
2228 163
3773 81
4422 23
5600 157
6061 123
7396 42
3587 81
9092 123
4459 81
5334 237
6033 221
3167 198
3124 81
8133 44
9550 198
1865 200
3444 62
3056 44
3756 0
585 81
8515 211
3009 26
7778 98
7764 248
5636 198
3138 81
5621 81
3783 81
2074 8
9829 81
4920 34
3080 34
2391 34
1201 81
1089 42
2943 244
6534 24
8652 190
9984 128
9693 133
6051 240
5991 34
5613 241
2432 44
8487 23
5992 243
6683 81
2208 1
9836 71
9868 38
7929 32
1713 244
7753 23
2356 210
8950 205
8593 240
8243 65
4854 57
7476 81
8144 81
345 81
2330 24
961 81
9258 81
2888 41
9763 151
822 24
9142 163
9078 148
6556 41
7272 198
6533 98
8357 204
572 192
9949 81
1211 126
2224 148
3054 57
8113 148
3450 148
1137 139
8957 244
7296 206
3681 23
7153 188
2940 1
5500 25
3661 207
5622 25
3513 81
3412 81
5539 163
9281 81
1695 81
7108 163
1176 59
9847 81
9325 81
3701 236
8085 81
4407 236
1377 85
2119 79
4624 163
7917 25
3157 34
4217 197
6547 121
349 125
450 203
4056 27
9334 81
7206 163
4172 85
3758 81
8002 79
3063 81
6545 98
4232 85
8604 81
5985 41
5413 34
4333 220
6814 54
2971 81
5421 199
5950 247
9835 79
6589 18
1027 18
6769 18
2847 0
9231 199
7909 188
3176 1
2269 148
2135 104
4431 24
6214 38
7417 81
2407 41
7248 81
3814 163
2425 38
6779 41
1145 38
4447 12
7843 41
3014 3
2259 198
1852 237
2434 0
2930 224
4490 191
4244 34
5933 41
1002 26
384 58
3559 240
6496 1
1677 23
6645 81
5032 163
929 0
903 81
5980 57
6659 224
1147 81
7151 123
1119 210
311 81
9953 81
205 23
5162 23
3914 164
8441 41
1627 125
6030 23
615 81
322 241
4899 210
340 81
5398 34
495 81
918 163
7965 23
9723 148
7885 133
9269 81
2463 231
3280 237
7082 81
1108 81
2405 164
3761 219
8138 81
6218 123
1855 247
6226 123
1701 69
7867 81
8534 34
3720 69
5305 81
4946 210
6008 247
5959 164
7225 207
3118 148
7950 166
6458 81
3640 139
4790 23
2385 148
6676 156
2220 157
8568 26
9314 30
2279 133
7756 81
430 243
3469 157
6163 224
4439 224
381 81
5968 202
9222 81
8657 192
9842 163
9843 41
1134 106
2964 85
2910 21
9382 173
1765 81
9283 81
1011 81
6201 81
5525 81
6617 71
1571 41
8635 209
1825 7
416 118
5577 25
6104 106
6204 211
6584 163
4404 163
7432 57
2418 244
259 206
8527 163
9292 243
7007 57
257 163
7111 41
6542 244
3487 176
4832 21
3485 81
6669 81
9699 235
5324 230
5368 178
3948 41
4332 4
8039 81
1628 156
8698 81
6173 123
3714 79
1110 81
5494 81
9732 81
576 236
4982 21
6153 81
6816 81
1153 4
4983 98
1615 156
2263 240
4408 1
6728 220
5318 81
401 24
9702 241
4394 244
2801 31
9935 164
9315 222
9316 198
7781 7
4776 198
3113 81
8553 230
6650 236
9206 156
9927 4
2151 172
9150 0
6185 185
7905 81
9047 65
3027 24
9790 81
9266 210
8078 91
4343 185
6526 36
1602 85
2465 198
1179 81
5273 151
2218 1
2771 244
5587 31
4672 81
9627 7
3939 204
8674 26
7170 32
7080 107
3514 157
3649 81
1143 81
8032 23
7789 81
9879 118
5943 18
4052 219
312 81
8476 65
5926 23
2479 81
3687 226
2718 123
634 98
3180 157
5970 41
4362 29
4151 210
6582 23
3058 81
7376 148
1049 41
7370 81
373 188
4252 148
9861 57
3096 145
5382 69
6156 81
4365 210
1737 210
501 1
1638 185
2265 81
8670 81
8022 176
7390 185
3070 1
6594 133
5641 81
4378 81
4860 133
1811 210
3689 81
3089 220
8609 81
5624 1
7464 41
2361 199
1610 23
586 57
3849 224
2716 244
2567 81
4827 133
6619 173
6820 57
6455 81
978 23
517 244
2861 81
1175 157
9168 157
4372 32
9775 81
464 65
6708 65
1595 21
8421 1
8704 81
8495 81
289 172
9689 34
4773 23
4163 23
6752 118
6793 164
7806 58
6799 184
3105 188
3524 81
2470 0
2759 224
563 23
5938 42
4084 34
7819 164
7920 57
6198 3
9654 41
1756 81
1565 41
6552 235
4368 41
7329 118
3506 148
4584 163
7685 81
3984 197
869 81
2107 139
720 34
624 81
255 23
7385 24
8439 81
3528 123
256 58
5964 125
4877 81
8505 17
7069 1
1541 81
3987 118
8733 166
9160 81
6167 32
9603 139
5550 133
2570 237
7979 247
1635 81
9730 81
2607 163
5268 224
6206 57
1596 26
8389 243
5656 65
5311 81
6707 81
3140 85
4374 163
5544 81
3792 85
9683 23
284 206
955 65
455 81
3793 32
8453 163
4437 185
3650 18
4135 139
2281 164
490 73
5122 198
8046 237
1233 139
3789 112
589 44
5901 81
4867 69
6579 81
1574 0
1621 128
3010 69
2817 23
4190 231
4699 81
7912 98
864 203
1546 4
4910 57
4777 57
8072 81
1251 81
5066 79
6230 128
7165 81
5397 230
9980 210
5665 128
4488 3
3512 210
1637 164
4150 24
4783 188
8327 163
1213 164
6746 210
5409 81
6065 18
5942 198
1603 188
2941 204
2145 4
366 81
5016 81
6398 163
5021 81
2078 156
579 219
1183 206
927 7
7270 41
7952 7
8645 156
361 97
4267 81
9286 188
1120 41
5648 163
9747 224
2907 147
5373 66
1573 160
1624 32
3725 24
5517 163
3788 49
5610 81
1171 81
3079 81
9886 81
9282 26
8544 123
8633 25
6229 156
9390 26
9849 81
3547 41
2227 81
2890 23
2327 198
6068 41
2275 26
9299 81
1741 163
1180 81
8623 81
3641 222
1613 157
9827 163
2202 157
2114 163
9815 57
474 44
391 163
584 7
2203 81
5387 81
5335 125
3449 206
4788 41
9885 23
9873 23
4381 23
5597 244
891 81
837 248
8549 98
5420 81
1585 58
2934 81
1216 157
4840 211
8513 133
4326 241
2974 81
6679 41
4831 34
2339 81
310 58
1626 73
489 81
9943 73
4798 0
7967 23
1084 231
1780 133
6673 231
5339 41
1686 244
2292 244
6845 41
8631 81
2908 203
1767 206
8001 58
5508 81
1468 244
4179 192
5833 163
6601 236
5982 27
6103 4
3614 23
2962 57
9758 133
7412 21
971 81
7430 81
2793 188
4749 224
3143 133
1122 5
2271 71
9086 81
6053 153
6654 81
8683 81
9851 59
5573 222
9656 81
4243 81
7957 81
4356 81
1754 81
7283 81
8712 81
4894 163
9907 81
2388 81
8021 198
9797 81
4349 59
3700 81
9176 163
5584 188
5437 157
7324 196
1735 4
8027 141
1833 81
2994 81
1135 157
8643 81
4283 190
907 81
2678 235
5013 244
8296 244
7311 41
3555 197
2474 81
3155 81
4183 21
2191 222
3591 211
2490 81
7421 203
1047 81
4908 184
1562 21
3588 81
580 220
5522 206
8719 81
605 80
7924 157
7377 203
4239 0
9352 23
342 41
6736 23
3408 34
8557 49
358 81
4298 23
5435 231
4738 163
2948 18
908 81
7875 81
1018 204
5531 32
1067 52
7904 81
4290 224
7908 53
7407 81
1755 41
1697 81
9687 198
7812 7
2436 163
7306 34
6575 23
7859 163
6833 187
1165 81
4403 81
3499 164
8433 139
2898 81
1827 59
2456 1
413 23
1128 157
3055 81
3049 157
4079 241
4981 23
5637 23
5046 241
9960 32
990 81
7103 196
7330 163
3740 81
5965 231
2942 204
7254 81
1636 58
7292 81
8541 81
365 125
1622 81
2328 106
4878 0
5303 206
1623 106
4065 244
9823 244
8075 222
7028 222
8675 222
7406 24
3611 81
4281 190
4779 81
3680 157
1178 81
4191 192
9789 81
2834 133
1127 104
4213 151
1793 81
9773 21
2264 81
5955 34
2592 106
2926 244
4168 188
7462 85
7416 222
9239 211
2413 81
3123 81
4941 192
9700 157
8058 197
7224 18
3768 157
543 156
5465 81
1748 241
4865 57
6211 98
7927 205
9961 81
5635 23
7983 81
5341 81
3029 26
4188 163
5838 81
8090 206
3620 81
7893 49
9778 104
6797 44
8106 24
5633 25
3772 98
8111 1
2398 60
1478 148
5418 4
2344 4
4366 243
6767 98
6177 243
9304 243
8530 18
8486 18
4289 57
6831 157
7451 188
4449 188
2183 197
9845 81
7423 81
4272 81
865 231
8104 123
400 133
4966 188
2733 204
9205 192
415 204
2443 98
9170 176
6670 18
3166 47
8736 81
5659 81
3809 123
3170 205
3179 95
3526 23
3704 157
9363 79
7993 81
6745 163
2471 34
9720 81
4166 81
7801 98
7340 81
7968 210
1000 1
7347 44
5441 211
407 164
2316 244
6062 49
410 176
8422 244
3741 170
3729 81
6178 81
6081 23
7402 81
4902 99
3624 105
5463 81
7313 81
4038 81
9184 194
6572 81
8605 81
2840 81
422 190
6687 81
4906 59
3657 128
8419 206
6639 81
7394 81
7822 81
9128 81
2324 85
8589 1
6544 118
1550 85
1699 163
6603 81
7847 7
3430 81
7336 241
8693 81
6842 81
6682 81
8669 81
2912 81
1231 163
3764 151
4913 83
542 185
9751 41
8611 157
6014 224
9945 81
8715 163
5040 163
965 57
4440 81
6715 118
2286 123
9312 163
460 231
7164 222
2175 81
3032 123
1819 81
604 81
1223 156
4923 244
9958 81
6212 133
619 164
5540 206
6407 231
9652 66
463 116
6342 18
8640 81
8907 164
1401 81
8967 42
8037 23
9930 18
3732 18
3728 247
3676 18
4599 231
9130 69
9375 3
9781 81
467 1
1661 133
7379 81
8418 235
5371 23
2320 34
3582 222
9682 23
6047 34
8029 163
1747 26
6838 222
477 248
986 27
7851 0
8310 1
6704 163
6194 85
6955 85
5650 23
5333 125
8381 157
4275 7
1030 185
3607 106
2709 120
4274 24
6070 241
3993 0
3669 81
8626 65
3057 133
9871 21
5391 23
4968 23
3558 42
7999 217
9969 54
496 163
4238 23
3463 188
3619 23
945 18
1068 163
8547 248
508 163
5951 81
1831 112
513 81
7854 81
1837 204
7829 198
8480 81
2488 31
2491 31
6858 28
9978 28
5664 28
6861 81
2704 24
4203 81
7771 224
4954 41
7380 148
8007 106
4980 151
8098 222
2382 163
536 17
2557 163
8105 20
5034 53
1220 58
7879 133
4303 1
3569 192
9073 44
6660 98
8649 210
8723 24
6568 123
5557 81
4090 164
6667 1
4451 188
3666 188
6595 42
5454 163
7235 41
9809 173
1679 178
4473 224
5024 139
3730 139
564 139
3733 209
4421 118
9303 118
9928 118
1376 237
2499 42
9975 59
1664 224
578 81
9878 73
3388 81
1785 81
9296 81
9333 3
581 81
7985 244
5008 3
5940 81
7449 81
592 81
9345 104
8006 163
9959 53
9153 81
593 44
4458 116
4833 34
1193 235
8063 133
6818 3
6788 106
1125 231
603 163
2895 211
609 219
1854 198
3109 81
9250 41
8485 81
5002 81
4453 41
1772 81
1168 81
3658 176
5007 26
1169 81
4258 98
9367 240
964 151
6827 156
7840 79
7895 79
7281 176
5425 24
6721 224
6689 163
6015 224
1568 32
3581 123
9876 7
6029 184
2772 106
7136 18
7956 81
2863 81
9513 41
1085 196
7461 163
6028 81
5069 18
7478 128
6493 156
5647 81
3147 81
9210 58
8514 8
3389 31
5056 163
5388 104
3023 196
9268 41
6711 37
1087 57
7009 175
1553 34
737 81
3785 230
5884 163
5316 172
1696 247
5534 118
1257 235
2460 244
4118 163
2200 73
8690 7
5643 57
6066 235
5581 81
995 197
1542 244
9974 6
9668 34
1787 58
2702 81
4225 42
4159 237
5989 222
1392 219
3016 151
4178 81
2487 230
9976 58
6223 230
9387 81
3175 32
7902 0
1857 41
1856 204
9233 81
9137 81
3615 23
3428 81
7128 133
1506 178
3625 87
9215 188
4429 224
4393 98
6209 106
5947 81
4216 23
5381 163
6037 139
4098 176
8125 12
2729 57
1690 39
9607 34
2338 81
3152 240
4995 7
8531 23
7947 34
9332 231
6725 175
1250 164
4234 26
4963 81
2054 18
5197 163
8966 58
5779 163
1083 81
1004 59
2354 178
5514 98
5484 23
9735 25
6853 73
996 23
5343 44
8473 198
2947 206
1682 172
2099 209
3086 198
9966 95
4406 240
5416 81
6540 24
8445 118
1050 81
9067 21
7260 157
4100 198
5322 133
9265 125
6147 241
6149 66
913 7
898 23
6483 81
6510 178
7435 81
5827 1
7882 36
8523 198
6557 23
7286 98
2920 156
9392 42
7889 7
5521 81
4361 244
8588 81
6806 243
5443 81
3520 204
9104 139
7839 210
1069 206
5646 148
5499 57
8558 123
7469 163
1158 85
2453 17
1090 164
6674 49
9293 185
3579 34
4859 143
4897 203
1040 206
7257 81
4211 81
2235 204
5900 81
7825 34
3549 26
7227 89
3034 24
2448 188
5632 157
994 81
5579 81
4323 34
4801 34
5590 81
9155 163
5340 123
1008 81
7232 169
5414 197
3435 24
2440 3
2424 34
6532 205
2306 81
8627 81
1078 23
9745 244
1139 81
1196 34
4441 85
4182 81
8624 203
9211 231
2961 231
9389 81
6764 231
9132 21
7150 231
6125 23
4448 188
5426 148
8582 188
6384 81
9270 224
1202 211
7275 18
9156 31
8510 104
3106 104
8120 163
4787 151
9808 133
8592 190
6126 34
5611 14
9306 14
1247 66
3042 172
9253 156
6843 199
1249 115
8080 81
6738 148
6231 44
3665 58
5555 81
2568 151
7126 81
6108 244
5460 231
8735 210
8454 24
3523 81
6807 81
3051 81
9461 123
6727 123
4843 204
8812 44
3782 163
8135 23
6430 176
4960 139
8646 23
7332 176
1655 163
9225 247
2444 81
8093 81
8094 240
4325 192
9339 222
5029 199
3688 81
5036 163
5629 32
7730 192
3765 209
1822 163
7453 209
1681 163
5582 164
5028 7
9787 217
8711 41
9365 23
7387 23
3168 247
9794 23
4256 235
2394 21
8699 81
1757 81
6146 23
5022 23
1782 23
9161 57
2973 41
6685 42
5431 98
5960 81
4444 235
5043 190
4144 133
2186 133
9859 31
9144 157
6777 81
4248 157
2886 24
3510 23
6588 247
7813 247
6127 157
4263 204
9870 23
3429 0
9968 236
2867 58
5620 206
3656 157
