110 0
372 1
56 2
166 3
360 4
115 5
711 6
78 7
176 8
594 9
636 10
884 11
1027 12
153 13
726 14
550 15
208 16
349 17
826 18
841 19
972 20
651 21
885 22
244 23
310 24
356 25
559 26
148 27
548 28
746 29
893 30
163 31
10 32
1060 33
142 34
606 35
856 36
275 37
675 38
90 39
25 40
539 41
201 42
503 43
922 44
640 45
1055 46
809 47
613 48
1048 49
454 50
547 51
14 52
632 53
1014 54
427 55
134 56
629 57
989 58
295 59
833 60
330 61
701 62
771 63
947 64
1030 65
384 66
523 67
608 68
170 69
712 70
933 71
1019 72
537 73
22 74
551 75
906 76
983 77
1013 78
1035 79
618 80
665 81
103 82
219 83
274 84
703 85
340 86
479 87
70 88
646 89
666 90
1049 91
532 92
534 93
764 94
399 95
214 96
783 97
1034 98
837 99
662 100
54 101
917 102
563 103
888 104
164 105
886 106
978 107
152 108
230 109
332 110
518 111
671 112
1070 113
226 114
421 115
50 116
918 117
942 118
402 119
738 120
865 121
232 122
418 123
659 124
759 125
905 126
680 127
970 128
234 129
742 130
492 131
366 132
864 133
987 134
370 135
493 136
155 137
486 138
405 139
1083 140
700 141
290 142
369 143
392 144
416 145
821 146
20 147
502 148
616 149
1007 150
257 151
572 152
999 153
485 154
732 155
442 156
857 157
75 158
417 159
506 160
7 161
401 162
118 163
177 164
339 165
660 166
956 167
778 168
637 169
171 170
254 171
927 172
393 173
161 174
249 175
245 176
138 177
748 178
73 179
982 180
868 181
373 182
406 183
509 184
515 185
126 186
186 187
549 188
88 189
657 190
715 191
184 192
1042 193
1064 194
301 195
388 196
501 197
504 198
519 199
713 200
763 201
944 202
1045 203
113 204
130 205
212 206
276 207
283 208
298 209
323 210
46 211
685 212
938 213
953 214
1061 215
431 216
47 217
827 218
952 219
190 220
222 221
260 222
362 223
478 224
564 225
598 226
785 227
81 228
981 229
1012 230
1059 231
159 232
189 233
195 234
311 235
354 236
41 237
555 238
574 239
582 240
617 241
676 242
697 243
772 244
836 245
900 246
912 247
832 248
280 249
1080 250
273 251
411 252
686 253
233 254
135 255
317 256
625 257
957 258
238 259
806 260
994 261
1018 262
64 263
220 264
558 265
800 266
883 267
1075 268
449 269
89 270
476 271
526 272
218 273
940 274
591 275
187 276
756 277
587 278
760 279
55 280
1079 281
577 282
407 283
790 284
862 285
247 286
327 287
966 288
474 289
206 290
904 291
804 292
683 293
872 294
908 295
951 296
13 297
824 298
141 299
58 300
1020 301
1047 302
1066 303
127 304
143 305
146 306
210 307
296 308
348 309
379 310
397 311
434 312
450 313
500 314
599 315
695 316
773 317
782 318
921 319
925 320
967 321
976 322
988 323
1031 324
1033 325
1040 326
1041 327
1044 328
1072 329
123 330
124 331
129 332
169 333
175 334
193 335
215 336
305 337
306 338
33 339
331 340
34 341
346 342
350 343
408 344
415 345
433 346
465 347
520 348
562 349
570 350
583 351
614 352
696 353
721 354
725 355
747 356
76 357
801 358
867 359
878 360
915 361
932 362
977 363
986 364
1001 365
1008 366
1015 367
1023 368
1028 369
106 370
119 371
150 372
158 373
269 374
272 375
277 376
282 377
286 378
297 379
320 380
329 381
343 382
389 383
463 384
49 385
571 386
724 387
805 388
838 389
840 390
848 391
901 392
903 393
993 394
1 395
122 396
157 397
172 398
198 399
231 400
264 401
266 402
308 403
328 404
367 405
398 406
400 407
494 408
511 409
514 410
530 411
611 412
644 413
736 414
761 415
791 416
80 417
814 418
817 419
869 420
931 421
963 422
1004 423
101 424
1052 425
1053 426
1067 427
11 428
131 429
15 430
162 431
18 432
194 433
196 434
199 435
203 436
216 437
235 438
248 439
255 440
270 441
29 442
291 443
357 444
361 445
382 446
429 447
461 448
462 449
480 450
51 451
516 452
517 453
535 454
538 455
543 456
546 457
552 458
568 459
57 460
578 461
650 462
682 463
688 464
689 465
69 466
737 467
750 468
751 469
780 470
798 471
823 472
852 473
879 474
894 475
935 476
937 477
949 478
975 479
980 480
992 481
48 482
610 483
363 484
375 485
35 486
62 487
68 488
612 489
679 490
722 491
728 492
217 493
1002 494
114 495
45 496
601 497
723 498
766 499
569 500
710 501
1073 502
246 503
293 504
793 505
777 506
243 507
72 508
681 509
413 510
355 511
960 512
495 513
615 514
1077 515
1026 516
147 517
709 518
873 519
897 520
92 521
192 522
377 523
438 524
744 525
996 526
1056 527
471 528
926 529
928 530
151 531
788 532
107 533
224 534
727 535
830 536
39 537
456 538
484 539
602 540
813 541
521 542
414 543
642 544
964 545
647 546
102 547
649 548
312 549
65 550
36 551
887 552
117 553
165 554
902 555
858 556
265 557
1068 558
842 559
121 560
268 561
322 562
309 563
566 564
664 565
412 566
600 567
596 568
353 569
1076 570
440 571
250 572
822 573
284 574
424 575
799 576
860 577
390 578
197 579
743 580
149 581
324 582
510 583
702 584
444 585
469 586
1057 587
436 588
524 589
84 590
191 591
31 592
79 593
576 594
913 595
120 596
125 597
154 598
178 599
253 600
364 601
490 602
496 603
634 604
704 605
847 606
876 607
267 608
307 609
337 610
6 611
624 612
767 613
820 614
880 615
94 616
358 617
4 618
445 619
593 620
641 621
948 622
326 623
344 624
391 625
453 626
467 627
468 628
554 629
626 630
633 631
66 632
834 633
849 634
939 635
950 636
137 637
304 638
333 639
394 640
403 641
443 642
448 643
507 644
663 645
719 646
74 647
741 648
811 649
620 650
973 651
319 652
542 653
638 654
1016 655
513 656
365 657
1037 658
851 659
93 660
396 661
71 662
229 663
263 664
116 665
475 666
473 667
12 668
183 669
890 670
984 671
368 672
299 673
609 674
943 675
202 676
466 677
9 678
91 679
998 680
351 681
850 682
104 683
160 684
731 685
1022 686
875 687
565 688
167 689
694 690
1009 691
279 692
482 693
752 694
954 695
706 696
818 697
459 698
292 699
995 700
423 701
325 702
586 703
561 704
1038 705
740 706
95 707
797 708
2 709
98 710
140 711
313 712
819 713
258 714
335 715
787 716
174 717
795 718
575 719
498 720
653 721
668 722
733 723
1039 724
1024 725
481 726
567 727
336 728
730 729
882 730
717 731
145 732
934 733
533 734
803 735
1011 736
342 737
990 738
698 739
1050 740
581 741
924 742
139 743
853 744
16 745
757 746
627 747
99 748
200 749
693 750
971 751
605 752
881 753
758 754
677 755
359 756
472 757
52 758
528 759
100 760
271 761
439 762
387 763
419 764
639 765
460 766
635 767
86 768
136 769
560 770
544 771
789 772
588 773
623 774
437 775
1005 776
914 777
969 778
252 779
525 780
941 781
855 782
180 783
410 784
692 785
87 786
553 787
1003 788
684 789
776 790
371 791
580 792
762 793
1017 794
67 795
734 796
835 797
866 798
352 799
223 800
843 801
204 802
289 803
718 804
426 805
288 806
1058 807
839 808
929 809
1046 810
287 811
643 812
674 813
37 814
314 815
541 816
527 817
256 818
181 819
597 820
422 821
447 822
916 823
687 824
188 825
1062 826
491 827
735 828
82 829
278 830
965 831
452 832
300 833
630 834
179 835
1054 836
26 837
21 838
714 839
512 840
768 841
378 842
579 843
441 844
285 845
991 846
61 847
133 848
386 849
227 850
1025 851
974 852
745 853
729 854
347 855
784 856
705 857
182 858
556 859
707 860
242 861
557 862
156 863
699 864
228 865
536 866
898 867
997 868
775 869
302 870
435 871
911 872
749 873
1069 874
505 875
168 876
1051 877
781 878
670 879
631 880
603 881
877 882
831 883
585 884
455 885
404 886
529 887
262 888
211 889
645 890
430 891
144 892
708 893
321 894
446 895
1010 896
861 897
261 898
802 899
658 900
315 901
240 902
962 903
930 904
985 905
109 906
105 907
755 908
59 909
374 910
281 911
946 912
43 913
19 914
654 915
318 916
622 917
656 918
1082 919
871 920
716 921
673 922
545 923
458 924
28 925
621 926
619 927
111 928
383 929
97 930
774 931
846 932
108 933
874 934
829 935
432 936
753 937
573 938
807 939
892 940
497 941
63 942
3 943
185 944
810 945
251 946
409 947
17 948
1006 949
920 950
1065 951
936 952
112 953
794 954
1074 955
968 956
792 957
910 958
345 959
863 960
464 961
815 962
661 963
239 964
796 965
381 966
236 967
808 968
8 969
420 970
1071 971
341 972
667 973
889 974
816 975
812 976
487 977
854 978
540 979
334 980
173 981
522 982
870 983
589 984
1000 985
891 986
508 987
604 988
316 989
628 990
652 991
1081 992
294 993
1021 994
205 995
23 996
303 997
786 998
96 999
979 1000
27 1001
451 1002
669 1003
648 1004
499 1005
483 1006
859 1007
769 1008
488 1009
259 1010
678 1011
221 1012
425 1013
376 1014
672 1015
655 1016
132 1017
338 1018
42 1019
691 1020
77 1021
899 1022
1036 1023
30 1024
85 1025
844 1026
128 1027
955 1028
1029 1029
237 1030
225 1031
213 1032
470 1033
845 1034
83 1035
770 1036
909 1037
828 1038
207 1039
961 1040
595 1041
32 1042
40 1043
754 1044
607 1045
1063 1046
385 1047
895 1048
1078 1049
60 1050
380 1051
958 1052
945 1053
720 1054
959 1055
779 1056
241 1057
919 1058
825 1059
690 1060
395 1061
1043 1062
590 1063
477 1064
53 1065
907 1066
24 1067
896 1068
489 1069
531 1070
428 1071
765 1072
1032 1073
739 1074
457 1075
44 1076
923 1077
584 1078
209 1079
592 1080
38 1081
5 1082
